10
0 0
0 1
0 2
0 3
0 4
0 5
191 65
144 89
51 120
34 136
7
108 3 111 6
92 9 93 13
171 21 176 22
37 43 39 44
12 57 15 60
95 125 98 130
128 136 130 136

10
0 0
0 1
0 2
0 3
0 4
0 6
77 156
0 206
46 216
11 239
6
45 3 49 4
5 18 8 23
20 142 24 143
63 145 68 150
23 168 26 170
36 233 41 238

10
0 0
0 1
0 2
0 3
0 4
0 5
168 54
144 97
155 139
9 164
8
61 11 66 16
80 11 82 16
63 71 64 74
36 102 39 104
82 107 85 111
107 118 110 120
15 149 17 153
9 158 14 162

10
0 0
49 0
0 1
0 2
0 3
0 4
0 5
169 166
103 176
63 215
9
137 22 142 23
94 86 96 90
20 96 25 99
147 98 148 100
2 130 3 132
22 130 24 131
57 134 60 139
65 141 67 142
116 171 119 174

10
0 0
0 1
0 2
0 3
0 4
0 6
35 56
40 150
46 162
151 226
11
125 32 129 36
2 35 7 37
9 36 10 41
6 56 9 60
3 63 8 68
29 64 30 67
107 74 111 77
85 86 87 87
68 124 69 126
17 183 20 186
106 210 108 213

10
0 0
0 1
0 2
0 3
0 4
0 6
67 9
24 35
1 48
13 51
1
31 33 36 35

10
0 0
0 1
0 2
0 3
0 4
0 5
10 17
150 44
221 59
57 181
5
37 19 39 24
5 89 9 94
213 97 216 101
103 123 104 127
172 175 173 177

10
0 0
0 1
0 2
0 3
0 4
0 5
52 29
73 167
132 168
49 176
1
91 84 92 86

10
0 0
0 1
0 2
0 3
0 4
0 6
45 33
144 101
35 200
36 203
9
8 0 12 4
3 79 8 80
67 136 72 138
34 144 37 147
131 163 134 164
101 167 105 168
32 180 37 183
77 184 81 186
109 191 110 194

10
0 0
0 1
0 2
0 3
0 4
0 6
116 37
119 43
1 140
60 184
2
33 82 35 84
7 93 11 97

10
0 0
0 1
0 2
0 3
0 4
0 5
71 66
142 118
10 120
183 244
10
83 13 87 17
169 16 171 18
104 29 108 30
72 39 75 41
129 44 130 49
153 72 155 76
111 129 114 134
118 138 120 143
164 141 169 145
28 158 32 162

10
0 0
0 1
0 2
0 3
0 4
0 6
23 25
125 31
35 177
181 218
12
127 44 130 46
71 55 73 58
178 55 180 58
72 61 76 66
73 68 76 69
104 86 109 88
161 105 166 107
159 130 164 131
174 150 179 155
94 167 99 169
67 169 70 170
108 183 113 186

10
0 0
0 1
0 2
0 3
0 4
0 5
122 54
195 62
50 103
193 232
15
125 0 126 2
195 5 195 8
195 15 195 16
153 65 156 67
147 102 152 105
120 103 124 106
55 117 56 119
74 120 79 123
67 127 69 131
45 175 49 177
121 183 126 184
115 190 120 194
89 194 91 198
65 203 66 204
186 225 187 227

10
0 0
0 1
0 2
0 3
0 4
0 6
232 91
36 95
45 173
140 185
17
218 8 220 9
185 10 188 13
130 13 134 15
50 27 53 30
177 32 179 34
85 46 88 51
229 66 232 67
24 71 25 74
80 110 84 113
127 112 129 114
50 123 52 128
100 128 101 133
119 139 123 143
167 151 169 152
30 156 35 158
67 156 68 159
111 177 116 178

10
0 0
0 1
0 2
0 3
0 4
0 6
148 31
175 103
39 219
1 233
7
158 2 160 3
120 9 122 14
167 35 170 39
109 49 113 51
146 186 148 190
120 227 122 229
41 231 45 233

10
0 0
0 1
0 2
0 3
0 4
0 5
46 72
29 200
170 221
10 224
12
91 29 92 31
161 55 162 58
101 62 106 67
114 63 119 68
34 70 36 75
161 83 165 85
13 150 14 155
15 183 16 188
71 202 76 207
52 203 53 204
13 210 18 211
77 212 80 216

10
0 0
0 1
0 2
0 3
0 4
0 5
115 16
51 33
205 88
78 127
9
53 21 55 22
99 42 100 47
173 51 175 53
41 74 46 79
169 74 172 76
172 78 176 81
58 80 62 83
97 104 100 106
9 125 10 127

10
0 0
0 1
0 2
0 3
0 4
0 6
73 63
137 129
86 192
36 241
7
74 31 77 33
8 77 11 82
54 81 56 84
103 114 106 116
10 130 14 131
28 148 29 153
50 198 51 203

10
0 0
0 1
0 2
0 3
0 4
0 6
2 76
74 172
95 186
175 202
8
71 16 72 18
88 53 90 55
12 64 13 65
65 78 69 80
152 104 155 105
46 187 49 190
27 191 32 195
118 191 121 196

10
0 0
0 1
0 2
0 3
0 4
0 5
48 37
11 78
63 123
236 200
12
152 0 156 5
79 19 82 20
228 21 233 24
181 27 183 28
96 42 102 45
111 92 114 96
229 104 230 106
211 110 212 112
101 117 105 122
128 119 131 121
161 189 162 192
71 194 74 198

10
0 0
0 1
0 2
0 3
0 4
0 5
176 28
207 37
242 80
51 214
9
68 9 72 11
195 35 200 39
176 54 181 55
98 61 101 63
153 61 157 64
198 76 201 79
162 91 163 93
132 115 137 116
21 195 26 198

10
0 0
0 1
0 2
0 3
0 4
0 6
241 41
37 138
170 226
244 226
16
174 17 176 18
163 22 164 23
212 33 217 37
41 52 45 53
120 54 123 58
39 77 40 78
161 80 164 81
165 108 167 113
199 117 203 120
195 139 199 141
122 148 123 153
229 150 234 151
212 171 215 174
160 172 164 177
27 207 32 209
231 219 235 224

10
0 0
0 1
0 2
0 3
0 4
0 5
249 56
220 74
104 78
147 81
8
51 28 52 29
74 39 79 40
154 48 159 51
70 49 71 54
130 50 134 52
21 54 23 57
168 61 172 65
232 68 233 73

10
0 0
0 1
0 2
0 3
0 4
0 6
183 30
2 170
32 178
223 245
15
60 18 61 22
6 47 9 49
61 55 62 57
103 101 105 106
219 109 221 110
207 113 211 117
145 114 146 116
140 116 141 119
163 118 167 119
212 143 217 144
149 144 151 148
17 150 22 154
98 167 99 169
210 182 214 183
142 227 146 230

10
0 0
0 1
0 2
0 3
0 4
0 5
73 116
193 162
21 168
11 183
7
142 47 146 52
64 53 68 58
153 98 157 102
79 134 83 135
29 143 32 147
159 150 161 152
149 176 150 180

10
0 0
0 1
0 2
0 3
0 4
0 5
191 112
99 127
52 148
208 154
5
188 8 192 10
5 94 7 97
73 121 78 126
117 121 118 125
24 128 26 132

10
0 0
0 1
0 2
0 3
0 4
0 6
38 37
189 66
109 94
192 104
5
64 12 69 16
136 13 137 15
152 28 153 32
104 80 107 84
142 84 144 85

10
0 0
0 1
0 2
0 3
0 4
0 6
3 14
173 22
103 98
44 193
7
18 1 23 5
20 9 24 10
104 24 106 25
147 24 151 25
147 32 148 37
28 39 29 43
38 168 40 172

10
0 0
0 1
0 2
0 3
0 4
0 5
12 38
49 100
227 200
139 211
12
152 14 153 16
112 16 113 18
117 17 120 19
172 56 175 57
121 60 124 63
88 62 90 66
132 72 135 77
196 105 200 106
76 125 77 129
169 146 174 148
87 152 88 154
144 161 147 162

10
0 0
0 1
0 2
0 3
0 4
0 5
53 84
70 100
230 177
78 185
10
74 28 77 33
201 30 204 34
159 47 161 51
147 73 149 77
48 106 53 110
101 139 106 143
167 140 168 144
89 145 92 149
104 151 108 153
9 174 14 177

10
0 0
0 1
0 2
0 3
0 4
0 6
159 97
113 152
38 187
161 206
11
46 40 48 44
129 51 131 55
141 58 142 59
153 60 157 64
46 61 51 65
140 114 143 115
69 132 73 136
155 167 159 171
102 169 104 174
41 178 44 183
132 201 133 205

10
0 0
0 1
0 2
0 3
0 4
0 6
220 31
185 68
167 107
3 108
12
169 0 173 5
68 13 73 18
151 20 154 23
33 24 36 27
6 36 10 41
38 44 40 45
36 48 37 53
118 81 122 86
210 82 211 85
88 83 93 87
153 84 158 85
6 92 8 93

10
0 0
0 1
0 2
0 3
0 4
0 5
98 38
101 61
33 140
12 144
4
73 33 75 35
82 42 86 43
36 106 41 109
5 130 9 131

10
0 0
0 1
0 2
0 3
0 4
0 5
1 30
64 104
229 178
164 237
8
102 7 103 9
19 20 22 25
213 36 215 38
214 56 219 61
48 71 49 75
96 113 101 114
50 128 52 131
1 153 6 156

10
0 0
0 1
0 2
0 3
0 4
0 5
54 22
57 64
57 133
174 161
7
114 32 118 33
119 34 120 39
135 62 138 65
171 64 172 65
31 102 33 105
16 130 21 131
20 147 21 152

10
0 0
0 1
0 2
0 3
0 4
0 6
39 89
42 119
110 121
149 142
5
125 5 127 6
141 12 146 15
33 95 34 99
109 96 113 98
48 97 50 98

10
0 0
0 1
0 2
0 3
0 4
0 6
151 117
210 175
3 203
163 243
13
32 11 35 15
16 33 19 34
29 49 33 50
197 54 201 56
147 60 150 63
64 67 69 68
32 95 34 96
195 123 196 127
162 131 166 135
185 147 189 151
160 153 162 157
40 173 42 175
179 206 183 208

10
0 0
13 0
0 1
0 2
0 3
0 4
0 5
83 153
169 196
185 200
11
138 15 140 16
64 17 69 22
184 66 185 70
42 107 44 110
52 141 57 145
72 157 73 162
96 165 101 167
128 175 131 180
177 183 180 185
80 189 84 193
9 194 12 198

10
0 0
0 1
0 2
0 3
0 4
0 6
225 30
105 51
134 230
39 241
16
89 9 92 13
6 13 10 15
107 17 108 19
64 22 68 27
73 88 74 91
27 93 32 96
169 96 172 97
34 112 36 115
84 118 85 122
39 136 41 140
146 144 151 147
187 151 192 152
83 165 87 166
8 167 13 171
135 186 138 188
26 230 28 232

10
0 0
0 1
0 2
0 3
0 4
0 6
37 48
4 49
120 140
149 150
8
86 5 90 8
149 14 149 15
79 37 82 39
61 62 66 64
138 97 142 98
149 99 149 102
131 104 135 108
53 141 58 144

10
0 0
0 1
0 2
0 3
0 4
0 5
82 6
216 76
13 107
117 129
9
25 1 26 3
151 6 154 9
118 51 119 53
175 53 179 55
124 72 126 75
100 85 104 88
214 109 215 114
190 122 192 126
123 126 128 127

10
0 0
0 1
0 2
0 3
0 4
0 5
76 25
114 115
125 149
55 154
4
2 52 6 53
16 67 20 68
4 124 9 128
89 129 94 131

10
0 0
0 1
0 2
0 3
0 4
0 6
109 133
101 134
40 145
139 243
9
50 59 53 61
106 105 109 107
58 127 62 129
77 135 79 138
23 137 27 141
127 158 132 163
45 159 46 162
122 180 126 181
33 197 38 199

10
0 0
0 1
0 2
0 3
0 4
0 5
123 19
35 28
128 195
127 199
11
75 9 78 13
25 16 30 18
4 32 5 33
55 77 57 81
58 85 59 86
3 100 4 101
116 101 119 105
124 110 125 111
54 123 55 125
47 137 51 139
103 171 108 173

10
0 0
0 1
0 2
0 3
0 4
0 6
23 98
247 120
4 145
231 195
10
90 3 93 5
75 72 77 76
105 74 106 75
125 88 130 92
244 130 245 135
47 168 50 171
236 174 240 179
113 185 117 186
36 192 38 193
10 195 15 195

10
0 0
0 1
0 2
0 3
0 4
0 5
32 16
173 149
89 181
13 215
13
150 14 154 15
88 32 93 34
48 48 50 52
5 57 8 58
25 59 28 64
63 69 68 70
39 88 40 89
157 92 162 94
57 105 61 106
4 112 6 116
61 169 66 172
27 201 31 206
101 202 105 205

10
0 0
0 1
0 2
0 3
0 4
0 5
191 41
56 98
143 157
217 226
10
125 22 129 27
50 57 54 61
108 58 109 62
111 80 113 85
49 117 51 119
30 164 32 166
97 164 102 168
86 172 91 174
84 192 88 194
3 212 6 213

10
0 0
0 1
0 2
0 3
0 4
0 6
41 50
199 60
244 172
218 187
17
130 9 131 10
107 22 111 23
20 38 24 42
8 45 10 48
100 59 105 63
234 75 239 80
56 89 61 94
154 97 155 99
15 110 16 111
216 126 219 131
129 134 133 138
202 155 207 162
51 160 55 162
79 162 81 166
192 175 193 178
212 175 216 176
108 177 111 179

10
0 0
0 1
0 2
0 3
0 4
0 6
226 21
198 23
58 235
4 241
20
121 23 125 27
43 25 44 26
176 32 179 34
8 46 10 51
75 83 80 86
89 97 93 101
29 111 30 116
50 127 55 130
80 130 81 135
83 133 87 136
134 135 138 137
42 139 46 140
120 143 125 146
207 144 211 147
214 173 217 175
186 191 187 196
59 204 64 207
149 220 153 222
137 236 139 238
187 237 192 239

10
0 0
0 1
0 2
0 3
0 4
0 5
14 73
244 118
136 159
48 173
12
187 9 189 11
162 17 166 19
242 20 243 23
15 21 17 26
132 49 135 52
59 56 63 61
174 61 176 62
44 63 48 64
79 106 80 111
9 111 13 114
26 138 29 140
100 139 102 142

10
0 0
0 1
0 2
0 3
0 4
0 5
130 7
158 15
57 45
180 134
10
169 22 174 25
103 23 108 25
135 53 139 57
121 64 122 66
122 75 125 78
104 90 106 93
99 118 101 123
62 126 65 130
112 127 115 128
164 128 166 133

10
0 0
0 1
0 2
0 3
0 4
0 6
194 100
240 141
41 207
114 239
11
150 13 153 17
157 44 158 49
199 59 203 60
235 67 236 68
207 75 209 77
75 93 80 97
33 109 36 112
32 114 35 119
134 118 137 123
142 161 145 163
119 191 120 193

10
0 0
0 1
0 2
0 3
0 4
0 6
32 81
5 88
209 107
34 124
2
59 54 60 59
144 100 148 104

10
0 0
0 1
0 2
0 3
0 4
0 5
230 32
26 47
182 54
14 182
8
119 5 123 8
119 40 122 41
18 48 20 50
77 72 81 73
147 81 152 82
122 129 126 130
150 131 152 133
68 167 73 170

10
0 0
0 1
0 2
0 3
0 4
0 6
139 101
172 121
34 143
23 147
5
3 3 8 4
128 52 132 53
137 107 142 110
73 123 74 128
57 138 60 139

10
0 0
0 1
0 2
0 3
0 4
0 5
66 131
232 136
235 186
57 245
18
110 4 112 9
111 31 113 35
73 52 76 54
159 72 160 76
186 110 191 115
150 111 155 115
142 113 147 114
233 113 235 115
160 127 165 128
137 133 142 137
91 150 96 153
219 154 221 156
188 186 190 189
96 203 98 204
188 213 193 215
105 229 107 233
143 236 146 240
1 244 6 245

10
0 0
0 1
0 2
0 3
0 4
0 6
222 93
42 115
152 224
217 241
10
150 49 151 54
215 71 216 74
117 87 122 88
42 124 47 128
33 160 36 163
184 164 187 169
200 219 204 220
18 227 20 231
132 229 133 230
198 230 199 235

10
0 0
0 1
0 2
0 3
0 4
0 6
100 136
59 163
97 178
5 185
2
51 116 56 120
30 167 32 170

10
0 0
0 1
0 2
0 3
0 4
0 5
198 13
15 41
64 151
128 165
9
160 55 163 58
192 73 194 74
20 86 25 91
189 98 191 103
102 116 107 119
126 129 127 130
112 134 117 138
43 151 48 155
141 151 142 156

10
0 0
0 1
0 2
0 3
0 4
0 5
221 130
59 133
58 197
191 238
11
55 24 60 28
141 48 143 49
43 101 45 103
174 115 179 119
8 121 12 125
200 155 202 156
174 166 176 169
119 174 123 175
126 176 128 177
163 185 164 190
48 200 52 202

10
0 0
0 1
0 2
0 3
0 4
0 6
43 25
175 68
233 195
88 231
15
5 19 8 21
127 31 129 35
231 37 233 39
134 103 139 107
207 117 210 122
142 130 147 133
184 140 189 144
115 141 116 146
209 166 212 167
160 193 164 198
166 204 171 209
159 206 164 210
189 206 192 210
50 218 51 222
46 226 47 231

10
0 0
0 1
0 2
0 3
0 4
0 6
6 33
127 41
49 181
25 240
6
87 15 89 16
31 88 36 91
107 93 109 96
31 137 35 139
107 213 110 218
65 226 70 230

10
0 0
0 1
0 2
0 3
0 4
0 5
127 55
96 74
15 151
62 227
13
11 3 13 7
26 12 27 13
63 57 67 61
53 59 58 62
112 65 117 70
66 72 68 73
101 99 105 103
23 114 26 116
127 119 127 121
30 155 31 159
13 166 18 169
110 196 115 200
109 224 114 225

10
0 0
0 1
0 2
0 3
0 4
0 5
97 132
119 149
59 151
235 199
6
197 6 201 7
115 38 116 40
164 59 169 62
218 135 222 137
7 154 12 159
122 165 123 168

10
0 0
0 1
0 2
0 3
0 4
0 6
117 99
107 126
104 180
43 186
3
109 6 114 11
55 10 56 12
108 163 112 166

10
0 0
0 1
0 2
0 3
0 4
0 5
217 6
106 46
208 47
233 107
5
93 38 97 42
166 43 169 44
134 87 137 90
166 97 167 101
4 104 9 106

10
0 0
0 1
0 2
44 2
0 3
0 4
0 6
170 57
222 119
6 131
5
169 16 170 19
28 45 32 50
29 105 30 109
33 107 35 108
64 117 69 122

10
0 0
0 1
0 2
0 3
0 4
0 5
16 12
249 24
234 193
23 234
9
11 35 15 38
104 42 108 44
13 58 14 59
109 60 111 65
2 133 5 136
38 155 39 159
8 186 13 188
77 197 79 202
172 227 173 229

10
0 0
0 1
0 2
0 3
0 4
0 5
114 6
151 24
60 108
150 123
6
52 31 53 36
141 78 145 83
134 91 139 96
5 103 7 104
84 110 89 115
143 120 147 121

10
0 0
0 1
0 2
0 3
0 4
0 6
72 42
67 61
44 99
165 168
8
77 2 80 5
109 3 111 4
11 25 15 26
99 62 101 63
19 84 22 89
83 115 88 116
63 125 66 129
65 164 67 165

10
0 0
0 1
0 2
0 3
0 4
0 6
10 84
143 148
25 178
6 230
5
5 40 10 44
92 47 94 50
2 56 7 59
81 119 86 121
132 188 133 189

10
0 0
0 1
0 2
0 3
0 4
0 5
46 51
114 86
16 123
140 182
5
56 45 61 49
96 62 98 66
119 158 121 163
35 160 40 162
131 167 136 171

10
0 0
0 1
0 2
0 3
0 4
0 5
103 14
213 48
61 68
129 72
1
189 37 191 42

10
0 0
0 1
0 2
0 3
0 4
0 6
45 13
153 55
242 171
87 183
11
196 52 197 57
171 58 172 60
219 108 220 109
232 114 234 116
18 116 21 119
10 120 14 124
111 123 112 127
87 126 92 127
236 140 237 142
17 173 22 176
65 175 67 180

10
0 0
0 1
0 2
0 3
0 4
222 5
0 6
22 15
7 79
237 181
13
35 21 37 25
220 22 225 26
32 28 34 32
172 43 173 48
190 47 191 51
79 58 84 63
136 71 139 76
52 87 55 92
114 125 118 128
109 150 111 153
172 161 173 165
228 170 233 174
137 177 141 179

10
0 0
0 1
0 2
0 3
0 4
0 5
219 18
62 31
213 50
80 101
8
126 34 128 38
8 37 13 41
150 41 155 46
134 59 138 63
134 65 136 69
218 72 219 76
165 96 170 101
179 100 184 101

10
0 0
0 1
0 2
0 3
0 4
0 5
146 23
210 118
1 122
225 210
14
10 7 14 12
31 40 36 41
175 55 178 56
166 64 167 65
178 98 183 99
39 118 41 121
132 128 135 130
147 128 151 132
0 133 2 135
166 144 167 148
143 159 148 162
203 174 206 175
200 188 204 193
214 193 216 198

10
0 0
0 1
0 2
0 3
0 4
0 5
194 38
34 188
137 229
16 235
10
145 16 149 21
21 49 25 52
123 63 124 64
5 100 7 105
84 106 89 110
31 141 34 142
40 154 42 155
114 187 119 192
121 189 124 190
78 204 83 206

10
0 0
0 1
0 2
0 3
0 4
0 6
236 36
45 179
239 202
68 237
17
161 7 162 12
182 24 183 28
86 80 91 81
50 86 53 88
112 91 114 96
163 98 167 103
36 114 40 118
149 126 152 131
75 133 79 138
222 135 225 140
171 149 175 150
150 170 156 175
34 171 37 172
116 184 117 185
183 204 184 209
149 218 150 222
79 231 82 233

10
0 0
0 1
0 2
0 3
0 4
0 6
204 96
178 102
7 178
105 224
15
134 24 137 29
149 24 154 28
103 33 107 36
165 39 168 43
111 45 116 49
169 66 172 71
54 84 56 87
174 98 177 102
86 116 91 121
173 123 174 128
65 143 66 147
15 153 16 156
17 205 18 208
99 205 101 208
20 221 24 222

10
0 0
0 1
0 2
0 3
0 4
0 5
247 20
173 122
190 128
62 246
16
115 24 117 26
113 35 116 39
170 59 175 60
154 94 155 97
99 129 100 134
227 136 232 141
12 159 13 164
244 166 246 168
189 168 192 171
82 169 86 170
30 171 35 175
139 206 147 216
201 214 202 218
239 226 241 230
130 234 132 239
67 244 72 246

10
0 0
0 1
0 2
0 3
0 4
0 5
101 11
111 54
17 97
194 157
9
139 10 142 13
135 14 137 17
171 23 173 26
40 34 44 35
183 39 187 42
2 46 7 49
193 60 194 61
162 63 164 65
15 125 16 129

10
0 0
0 1
0 2
0 3
0 4
0 6
119 45
148 90
46 96
162 198
6
82 7 86 10
37 10 40 13
156 60 159 61
89 102 94 104
71 163 72 164
43 187 48 189

10
0 0
0 1
0 2
0 3
0 4
0 6
201 15
8 28
157 50
138 98
6
90 1 91 6
97 40 100 42
189 54 193 59
62 68 63 72
34 97 38 98
97 97 102 98

10
0 0
0 1
0 2
0 3
0 4
0 5
145 32
189 192
115 201
63 215
6
26 135 28 138
123 183 125 188
185 184 189 187
102 204 107 209
1 213 6 215
153 213 155 215

10
0 0
0 1
0 2
0 3
0 4
0 5
204 173
149 205
17 210
204 225
17
130 2 133 5
120 16 125 19
65 20 66 22
163 53 166 55
187 54 192 58
126 79 129 81
126 83 127 84
4 90 7 91
114 94 118 97
62 99 65 103
32 101 36 103
57 121 62 126
76 146 80 148
96 151 98 153
139 160 144 162
136 178 140 182
176 196 180 201

10
0 0
0 1
0 2
0 3
0 4
0 6
47 15
168 102
138 140
163 244
12
136 52 137 56
150 62 153 63
44 76 49 81
70 114 71 115
126 114 130 119
134 123 138 127
114 144 117 149
15 167 19 171
29 169 31 171
99 175 104 178
35 179 40 183
109 205 113 209

10
0 0
0 1
0 2
0 3
0 4
0 5
185 97
81 139
35 172
183 176
7
35 29 36 34
82 46 86 48
104 47 109 52
84 62 89 63
45 92 47 96
177 114 182 116
41 122 44 125

10
0 0
0 1
104 1
0 2
0 3
0 4
0 6
60 24
85 81
8 129
4
69 2 74 5
24 44 28 45
104 51 104 52
55 69 58 71

10
0 0
0 1
0 2
0 3
0 4
0 5
116 184
64 187
141 223
97 229
11
35 50 37 54
46 52 47 57
86 67 91 72
100 81 102 82
108 101 110 102
109 158 112 163
138 161 141 163
139 196 140 200
47 198 50 200
114 204 117 207
72 229 74 229

10
0 0
0 1
0 2
0 3
0 4
0 5
124 53
18 74
225 130
107 156
14
46 0 47 5
185 21 189 24
96 33 101 36
51 34 54 35
166 35 167 36
198 38 201 43
209 41 212 44
99 61 100 66
103 63 106 66
110 84 112 89
77 112 78 115
210 121 212 126
173 136 176 137
1 141 4 143

10
0 0
0 1
0 2
0 3
0 4
0 6
248 71
106 99
122 123
47 186
13
20 3 23 5
170 7 175 10
215 43 216 46
91 51 93 52
174 52 176 56
69 81 73 84
150 87 152 92
234 87 237 91
246 94 247 98
100 120 102 123
109 122 112 125
177 126 180 128
198 145 201 147

10
0 0
0 1
0 2
0 3
0 4
0 6
77 25
100 67
101 98
8 230
3
30 4 32 5
83 30 87 35
92 93 97 96

10
0 0
0 1
0 2
0 3
0 4
0 5
135 58
221 72
65 162
103 222
14
179 1 183 3
68 24 70 25
90 26 95 29
113 46 115 47
27 52 29 55
121 73 126 75
196 111 200 112
28 112 31 114
220 112 221 113
46 130 49 135
221 131 221 135
164 142 166 147
185 147 187 151
183 171 185 173

10
0 0
0 1
0 2
0 3
0 4
0 5
142 16
156 50
18 189
43 215
6
24 35 29 40
8 39 13 44
58 72 59 77
133 129 135 131
138 160 143 164
27 213 31 215

10
0 0
0 1
0 2
0 3
0 4
0 6
48 109
92 180
62 193
159 236
8
99 53 104 57
124 75 125 76
91 106 92 111
24 117 29 119
80 125 85 126
8 163 9 165
109 186 110 187
125 207 130 209

10
0 0
0 1
0 2
0 3
0 4
0 6
161 59
32 80
9 82
182 105
3
13 25 16 26
28 67 31 71
104 69 107 72

10
0 0
0 1
0 2
0 3
0 4
0 5
203 107
66 140
238 163
165 237
17
151 18 156 21
129 40 131 42
159 67 160 68
214 71 216 76
193 83 198 87
143 86 144 89
195 118 196 120
14 132 17 133
15 170 18 174
61 186 62 189
170 215 175 219
138 223 139 228
118 226 122 231
153 228 155 229
173 228 176 231
65 229 69 234
114 232 116 236

10
0 0
0 1
0 2
0 3
0 4
0 6
150 6
24 19
237 46
188 211
14
221 3 225 4
51 5 54 9
2 14 7 18
43 36 45 39
192 52 197 55
129 75 134 80
28 81 31 82
110 98 115 103
234 136 237 137
17 150 21 152
82 151 85 154
99 166 100 170
58 194 61 196
37 210 39 211

10
0 0
0 1
0 2
0 3
0 4
0 5
19 54
67 77
203 197
66 205
7
40 19 44 22
194 36 196 39
189 38 191 42
99 78 100 82
77 100 79 102
81 130 84 132
98 142 102 147

