10
0 0
0 1
0 2
0 3
0 4
0 5
191 65
144 89
51 120
34 136
7
108 3 111 6
92 9 93 13
171 21 176 22
37 43 39 44
12 57 15 60
95 125 98 130
128 136 130 136

10
0 0
0 1
0 2
0 3
0 4
0 6
77 156
0 206
46 216
11 239
6
45 3 49 4
5 18 8 23
20 142 24 143
63 145 68 150
23 168 26 170
36 233 41 238

10
0 0
0 1
0 2
0 3
0 4
0 5
168 54
144 97
155 139
9 164
8
61 11 66 16
80 11 82 16
63 71 64 74
36 102 39 104
82 107 85 111
107 118 110 120
15 149 17 153
9 158 14 162

10
0 0
49 0
0 1
0 2
0 3
0 4
0 5
169 166
103 176
63 215
9
137 22 142 23
94 86 96 90
20 96 25 99
147 98 148 100
2 130 3 132
22 130 24 131
57 134 60 139
65 141 67 142
116 171 119 174

10
0 0
0 1
0 2
0 3
0 4
0 6
35 56
40 150
46 162
151 226
11
125 32 129 36
2 35 7 37
9 36 10 41
6 56 9 60
3 63 8 68
29 64 30 67
107 74 111 77
85 86 87 87
68 124 69 126
17 183 20 186
106 210 108 213

10
0 0
0 1
0 2
0 3
0 4
0 6
67 9
24 35
1 48
13 51
1
31 33 36 35

10
0 0
0 1
0 2
0 3
0 4
0 5
10 17
150 44
221 59
57 181
5
37 19 39 24
5 89 9 94
213 97 216 101
103 123 104 127
172 175 173 177

10
0 0
0 1
0 2
0 3
0 4
0 5
52 29
73 167
132 168
49 176
1
91 84 92 86

10
0 0
0 1
0 2
0 3
0 4
0 6
45 33
144 101
35 200
36 203
9
8 0 12 4
3 79 8 80
67 136 72 138
34 144 37 147
131 163 134 164
101 167 105 168
32 180 37 183
77 184 81 186
109 191 110 194

10
0 0
0 1
0 2
0 3
0 4
0 6
116 37
119 43
1 140
60 184
2
33 82 35 84
7 93 11 97

