3
58 0
0 107
108 107
1
19 1 23 6

3
65 0
60 39
0 127
1
10 77 12 81

3
152 0
167 36
0 45
1
120 26 122 31

3
2 0
15 49
0 179
2
12 8 15 11
15 105 15 109

3
0 0
184 64
219 141
6
26 33 29 36
34 56 36 58
2 58 4 63
8 83 10 86
112 107 116 109
26 140 29 141

3
50 0
119 9
0 87
1
118 43 119 46

3
130 0
93 45
0 211
1
57 33 61 36

3
123 0
0 107
201 199
2
133 18 138 23
151 45 154 49

3
0 0
182 17
86 58
3
158 42 161 46
177 49 181 51
98 51 101 56

3
91 0
0 132
185 218
6
78 33 83 37
5 36 7 39
62 48 66 53
157 55 159 59
120 164 124 169
147 198 151 200

3
0 0
97 49
159 145
2
135 0 137 0
6 133 8 136

3
0 0
169 38
168 173
4
16 15 21 17
116 25 120 30
130 126 132 131
114 162 116 167

3
75 0
69 33
0 155
1
26 90 31 95

3
0 0
153 59
184 64
1
101 58 106 60

3
0 0
150 20
34 135
2
109 77 113 79
85 116 88 121

3
50 0
0 54
126 57
1
40 16 43 18

3
0 0
175 6
90 90
4
77 26 82 31
34 30 37 35
64 30 69 35
147 84 151 87

3
33 0
120 85
0 147
2
64 59 67 63
93 73 95 75

3
186 0
0 55
47 148
5
82 53 85 55
55 55 57 60
170 92 173 94
38 106 42 110
115 114 118 117

3
0 0
34 68
50 127
1
4 19 6 23

3
0 0
117 88
81 129
1
101 98 105 103

3
0 0
70 50
30 74
1
0 54 0 58

3
168 0
0 95
205 116
1
96 109 101 112

3
134 0
0 5
17 75
2
114 16 117 20
29 58 33 61

3
68 0
18 16
0 41
1
57 30 60 35

3
32 0
0 48
169 161
3
150 10 152 13
144 58 149 62
33 120 36 123

3
74 0
0 193
141 216
2
91 2 96 4
56 91 60 96

3
56 0
127 137
0 217
2
40 128 44 132
92 139 97 143

3
0 0
171 74
84 97
2
31 19 35 23
22 40 24 43

3
60 0
0 16
43 91
1
8 5 11 10

3
0 0
37 96
81 98
1
40 52 43 55

3
146 0
173 17
0 114
2
44 33 46 38
24 69 29 74

3
136 0
0 52
50 129
1
41 98 44 103

3
94 0
0 19
8 38
1
57 3 61 8

3
47 0
130 94
0 120
2
80 13 83 17
62 79 67 81

3
0 0
22 70
218 118
2
181 46 183 49
178 116 180 118

3
111 0
0 110
185 154
2
86 50 89 52
148 136 150 138

3
143 0
145 72
0 167
1
100 115 102 117

3
0 0
77 75
89 104
1
0 67 3 69

3
100 0
2 9
0 165
1
0 36 1 39

3
151 0
79 34
0 175
5
49 12 52 15
113 57 116 62
53 71 57 76
71 77 76 79
93 134 96 138

3
0 0
168 74
184 127
2
145 11 148 16
124 52 126 54

3
141 0
46 182
0 193
1
130 157 133 162

3
153 0
105 29
0 64
2
99 17 102 19
62 55 67 60

3
38 0
0 1
243 122
3
89 34 94 38
76 87 78 92
193 94 195 96

3
0 0
16 116
127 194
4
59 1 64 5
49 73 52 75
73 75 75 77
84 98 87 101

3
0 0
18 58
112 180
1
87 4 89 8

3
70 0
34 66
0 94
2
32 74 35 79
26 82 30 85

3
202 0
0 53
108 84
2
190 39 193 43
0 82 2 84

3
0 0
107 85
26 118
2
92 33 95 35
78 104 81 108

3
0 0
8 50
206 218
3
137 101 139 104
152 114 154 117
127 120 131 123

3
25 0
0 25
148 99
3
121 19 126 23
53 41 57 45
133 67 137 72

3
33 0
122 11
0 102
1
111 62 116 65

3
0 0
29 4
125 62
1
119 7 122 9

3
220 0
0 87
207 168
5
1 0 3 4
55 21 59 24
103 22 108 24
71 165 74 168
48 168 51 168

3
120 0
0 38
192 49
1
37 23 39 27

3
199 0
0 53
61 86
1
113 13 116 17

3
0 0
55 61
39 87
1
40 50 45 53

3
0 0
135 36
63 99
2
104 70 109 73
91 81 93 86

3
0 0
87 62
8 118
6
39 19 42 21
78 50 80 52
67 52 71 54
10 94 12 99
52 106 56 111
30 113 32 117

3
173 0
220 123
0 193
7
163 20 166 22
141 35 143 39
151 75 156 78
165 126 167 128
73 127 76 132
124 127 128 132
45 130 47 132

3
0 0
48 80
184 97
2
53 34 57 38
42 61 45 63

3
25 0
0 120
85 161
1
53 86 55 90

3
145 0
181 21
0 146
2
48 12 53 14
14 90 17 92

3
171 0
209 175
0 244
3
18 154 21 159
105 177 110 182
173 223 177 227

3
171 0
10 77
0 92
3
43 45 47 47
57 45 60 49
166 75 171 78

3
0 0
106 82
59 94
2
34 61 39 66
18 68 20 72

3
0 0
109 59
136 67
1
76 24 81 27

3
203 0
62 21
0 226
9
103 63 106 68
180 71 184 75
5 121 8 126
153 123 158 128
13 144 15 147
189 156 193 158
138 165 140 169
8 196 11 200
39 213 41 216

3
0 0
196 110
225 147
1
60 28 63 32

3
50 0
0 95
48 100
1
42 83 44 87

3
60 0
65 86
0 88
1
36 26 39 28

3
0 0
213 80
147 155
3
152 27 154 32
174 38 179 42
137 119 141 124

3
166 0
0 45
162 98
2
35 52 38 57
105 75 110 79

3
0 0
209 124
73 172
7
7 0 10 2
38 60 41 62
55 66 57 70
0 131 2 134
79 139 84 144
106 152 108 155
156 161 158 164

3
0 0
71 41
39 170
2
56 58 59 62
64 58 67 62

3
0 0
182 19
46 133
2
180 28 182 30
82 74 86 76

3
0 0
176 75
9 100
4
53 22 56 24
105 58 108 60
133 80 137 85
168 92 171 97

3
0 0
31 30
75 227
2
25 56 29 59
69 132 72 136

3
120 0
0 38
182 70
2
155 2 159 7
31 54 34 56

3
0 0
108 42
101 111
1
57 81 61 85

3
134 0
0 80
54 104
2
126 16 128 19
107 32 110 34

3
44 0
0 17
2 117
2
34 31 36 34
18 97 21 100

3
0 0
184 48
120 63
1
128 56 131 58

3
10 0
166 185
0 190
3
88 4 92 8
28 73 31 76
135 104 137 109

3
171 0
97 148
0 223
6
163 6 166 9
47 43 51 47
140 106 143 110
113 125 116 127
57 170 59 173
109 173 111 176

3
70 0
172 26
0 53
1
60 3 65 6

3
150 0
158 28
0 119
1
154 52 156 54

3
0 0
52 26
157 192
1
72 163 75 166

3
17 0
0 148
206 179
4
42 64 44 69
37 74 41 79
68 89 71 94
0 132 4 134

3
0 0
50 138
82 152
2
28 36 33 41
76 123 79 127

3
63 0
92 126
0 137
1
48 81 53 83

3
0 0
141 33
24 120
4
14 6 17 9
86 98 91 102
48 118 53 120
80 118 83 120

3
0 0
197 92
46 181
4
87 21 90 25
177 56 181 60
54 118 56 121
67 172 70 177

3
132 0
0 67
225 95
3
176 39 180 41
19 65 22 67
163 87 167 89

3
0 0
104 1
88 101
1
40 65 44 67

3
12 0
211 43
0 145
2
160 8 165 10
36 83 38 87

3
119 0
109 1
0 60
1
70 17 74 21

3
144 0
0 128
157 234
3
24 111 28 113
9 163 13 166
34 210 37 213

3
0 0
18 119
242 119
5
41 21 43 25
45 22 48 26
159 83 162 87
137 88 141 92
123 89 125 94

