3
58 0
0 107
108 107
1
19 1 23 6

3
65 0
60 39
0 127
1
10 77 12 81

3
152 0
167 36
0 45
1
120 26 122 31

3
2 0
15 49
0 179
2
12 8 15 11
15 105 15 109

3
0 0
184 64
219 141
6
26 33 29 36
34 56 36 58
2 58 4 63
8 83 10 86
112 107 116 109
26 140 29 141

3
50 0
119 9
0 87
1
118 43 119 46

3
130 0
93 45
0 211
1
57 33 61 36

3
123 0
0 107
201 199
2
133 18 138 23
151 45 154 49

3
0 0
182 17
86 58
3
158 42 161 46
177 49 181 51
98 51 101 56

3
91 0
0 132
185 218
6
78 33 83 37
5 36 7 39
62 48 66 53
157 55 159 59
120 164 124 169
147 198 151 200

