3
58 0
0 107
108 107
1
19 1 23 6

3
65 0
60 39
0 127
1
10 77 12 81

3
152 0
167 36
0 45
1
120 26 122 31

3
2 0
15 49
0 179
2
12 8 15 11
15 105 15 109

3
0 0
184 64
219 141
6
26 33 29 36
34 56 36 58
2 58 4 63
8 83 10 86
112 107 116 109
26 140 29 141

3
50 0
119 9
0 87
1
118 43 119 46

3
130 0
93 45
0 211
1
57 33 61 36

3
123 0
0 107
201 199
2
133 18 138 23
151 45 154 49

3
0 0
182 17
86 58
3
158 42 161 46
177 49 181 51
98 51 101 56

3
91 0
0 132
185 218
6
78 33 83 37
5 36 7 39
62 48 66 53
157 55 159 59
120 164 124 169
147 198 151 200

3
0 0
97 49
159 145
2
135 0 137 0
6 133 8 136

3
0 0
169 38
168 173
4
16 15 21 17
116 25 120 30
130 126 132 131
114 162 116 167

3
75 0
69 33
0 155
1
26 90 31 95

3
0 0
153 59
184 64
1
101 58 106 60

3
0 0
150 20
34 135
2
109 77 113 79
85 116 88 121

3
50 0
0 54
126 57
1
40 16 43 18

3
0 0
175 6
90 90
4
77 26 82 31
34 30 37 35
64 30 69 35
147 84 151 87

3
33 0
120 85
0 147
2
64 59 67 63
93 73 95 75

3
186 0
0 55
47 148
5
82 53 85 55
55 55 57 60
170 92 173 94
38 106 42 110
115 114 118 117

3
0 0
34 68
50 127
1
4 19 6 23

3
0 0
117 88
81 129
1
101 98 105 103

3
0 0
70 50
30 74
1
0 54 0 58

3
168 0
0 95
205 116
1
96 109 101 112

3
134 0
0 5
17 75
2
114 16 117 20
29 58 33 61

3
68 0
18 16
0 41
1
57 30 60 35

3
32 0
0 48
169 161
3
150 10 152 13
144 58 149 62
33 120 36 123

3
74 0
0 193
141 216
2
91 2 96 4
56 91 60 96

3
56 0
127 137
0 217
2
40 128 44 132
92 139 97 143

3
0 0
171 74
84 97
2
31 19 35 23
22 40 24 43

3
60 0
0 16
43 91
1
8 5 11 10

3
0 0
37 96
81 98
1
40 52 43 55

3
146 0
173 17
0 114
2
44 33 46 38
24 69 29 74

3
136 0
0 52
50 129
1
41 98 44 103

3
94 0
0 19
8 38
1
57 3 61 8

3
47 0
130 94
0 120
2
80 13 83 17
62 79 67 81

3
0 0
22 70
218 118
2
181 46 183 49
178 116 180 118

3
111 0
0 110
185 154
2
86 50 89 52
148 136 150 138

3
143 0
145 72
0 167
1
100 115 102 117

3
0 0
77 75
89 104
1
0 67 3 69

3
100 0
2 9
0 165
1
0 36 1 39

3
151 0
79 34
0 175
5
49 12 52 15
113 57 116 62
53 71 57 76
71 77 76 79
93 134 96 138

3
0 0
168 74
184 127
2
145 11 148 16
124 52 126 54

3
141 0
46 182
0 193
1
130 157 133 162

3
153 0
105 29
0 64
2
99 17 102 19
62 55 67 60

3
38 0
0 1
243 122
3
89 34 94 38
76 87 78 92
193 94 195 96

3
0 0
16 116
127 194
4
59 1 64 5
49 73 52 75
73 75 75 77
84 98 87 101

3
0 0
18 58
112 180
1
87 4 89 8

3
70 0
34 66
0 94
2
32 74 35 79
26 82 30 85

3
202 0
0 53
108 84
2
190 39 193 43
0 82 2 84

3
0 0
107 85
26 118
2
92 33 95 35
78 104 81 108

3
0 0
8 50
206 218
3
137 101 139 104
152 114 154 117
127 120 131 123

3
25 0
0 25
148 99
3
121 19 126 23
53 41 57 45
133 67 137 72

3
33 0
122 11
0 102
1
111 62 116 65

3
0 0
29 4
125 62
1
119 7 122 9

3
220 0
0 87
207 168
5
1 0 3 4
55 21 59 24
103 22 108 24
71 165 74 168
48 168 51 168

3
120 0
0 38
192 49
1
37 23 39 27

3
199 0
0 53
61 86
1
113 13 116 17

3
0 0
55 61
39 87
1
40 50 45 53

3
0 0
135 36
63 99
2
104 70 109 73
91 81 93 86

3
0 0
87 62
8 118
6
39 19 42 21
78 50 80 52
67 52 71 54
10 94 12 99
52 106 56 111
30 113 32 117

3
173 0
220 123
0 193
7
163 20 166 22
141 35 143 39
151 75 156 78
165 126 167 128
73 127 76 132
124 127 128 132
45 130 47 132

3
0 0
48 80
184 97
2
53 34 57 38
42 61 45 63

3
25 0
0 120
85 161
1
53 86 55 90

3
145 0
181 21
0 146
2
48 12 53 14
14 90 17 92

3
171 0
209 175
0 244
3
18 154 21 159
105 177 110 182
173 223 177 227

3
171 0
10 77
0 92
3
43 45 47 47
57 45 60 49
166 75 171 78

3
0 0
106 82
59 94
2
34 61 39 66
18 68 20 72

3
0 0
109 59
136 67
1
76 24 81 27

3
203 0
62 21
0 226
9
103 63 106 68
180 71 184 75
5 121 8 126
153 123 158 128
13 144 15 147
189 156 193 158
138 165 140 169
8 196 11 200
39 213 41 216

3
0 0
196 110
225 147
1
60 28 63 32

3
50 0
0 95
48 100
1
42 83 44 87

3
60 0
65 86
0 88
1
36 26 39 28

3
0 0
213 80
147 155
3
152 27 154 32
174 38 179 42
137 119 141 124

3
166 0
0 45
162 98
2
35 52 38 57
105 75 110 79

3
0 0
209 124
73 172
7
7 0 10 2
38 60 41 62
55 66 57 70
0 131 2 134
79 139 84 144
106 152 108 155
156 161 158 164

3
0 0
71 41
39 170
2
56 58 59 62
64 58 67 62

3
0 0
182 19
46 133
2
180 28 182 30
82 74 86 76

3
0 0
176 75
9 100
4
53 22 56 24
105 58 108 60
133 80 137 85
168 92 171 97

3
0 0
31 30
75 227
2
25 56 29 59
69 132 72 136

3
120 0
0 38
182 70
2
155 2 159 7
31 54 34 56

3
0 0
108 42
101 111
1
57 81 61 85

3
134 0
0 80
54 104
2
126 16 128 19
107 32 110 34

3
44 0
0 17
2 117
2
34 31 36 34
18 97 21 100

3
0 0
184 48
120 63
1
128 56 131 58

3
10 0
166 185
0 190
3
88 4 92 8
28 73 31 76
135 104 137 109

3
171 0
97 148
0 223
6
163 6 166 9
47 43 51 47
140 106 143 110
113 125 116 127
57 170 59 173
109 173 111 176

3
70 0
172 26
0 53
1
60 3 65 6

3
150 0
158 28
0 119
1
154 52 156 54

3
0 0
52 26
157 192
1
72 163 75 166

3
17 0
0 148
206 179
4
42 64 44 69
37 74 41 79
68 89 71 94
0 132 4 134

3
0 0
50 138
82 152
2
28 36 33 41
76 123 79 127

3
63 0
92 126
0 137
1
48 81 53 83

3
0 0
141 33
24 120
4
14 6 17 9
86 98 91 102
48 118 53 120
80 118 83 120

3
0 0
197 92
46 181
4
87 21 90 25
177 56 181 60
54 118 56 121
67 172 70 177

3
132 0
0 67
225 95
3
176 39 180 41
19 65 22 67
163 87 167 89

3
0 0
104 1
88 101
1
40 65 44 67

3
12 0
211 43
0 145
2
160 8 165 10
36 83 38 87

3
119 0
109 1
0 60
1
70 17 74 21

3
144 0
0 128
157 234
3
24 111 28 113
9 163 13 166
34 210 37 213

3
0 0
18 119
242 119
5
41 21 43 25
45 22 48 26
159 83 162 87
137 88 141 92
123 89 125 94

3
0 0
51 26
165 226
2
165 3 165 7
89 198 92 202

3
183 0
122 29
0 119
2
157 45 162 48
77 118 80 119

3
0 0
149 88
240 224
6
54 3 59 5
0 54 4 58
70 54 74 58
240 97 240 99
226 114 229 117
231 184 236 187

3
214 0
0 5
11 147
1
123 145 125 147

3
124 0
0 50
118 68
1
88 63 93 65

3
118 0
159 69
0 75
1
119 50 124 54

3
0 0
107 110
83 126
1
44 11 47 14

3
0 0
144 23
127 67
1
118 43 121 46

3
131 0
129 14
0 200
3
47 132 51 136
65 183 69 188
64 194 69 197

3
107 0
0 88
200 210
3
104 141 109 144
23 159 25 163
76 168 80 173

3
0 0
186 121
169 168
6
79 30 84 35
107 48 111 51
160 90 164 95
134 112 139 116
104 134 109 139
160 158 163 162

3
41 0
0 44
111 144
1
89 75 94 80

3
0 0
51 55
5 167
2
29 165 32 167
37 165 41 167

3
0 0
161 72
13 144
2
122 21 127 26
45 132 49 136

3
139 0
221 34
0 78
1
61 23 63 26

3
0 0
131 67
97 95
1
11 74 14 77

3
191 0
0 133
88 236
4
186 81 190 84
87 148 92 151
141 194 145 199
130 219 133 221

3
174 0
0 66
210 129
3
11 40 15 45
94 67 96 69
101 118 105 121

3
111 0
128 120
0 124
3
39 0 44 0
118 16 122 21
89 29 91 31

3
70 0
0 5
117 42
1
103 30 106 35

3
123 0
0 61
181 68
1
41 38 43 41

3
90 0
18 33
0 147
2
57 38 62 40
49 118 51 122

3
142 0
0 77
135 87
1
66 2 69 5

3
0 0
111 20
95 71
1
104 11 108 13

3
26 0
237 30
0 88
4
71 9 76 13
6 63 9 68
102 70 107 78
99 80 102 83

3
96 0
175 84
0 138
4
9 6 13 8
147 39 152 41
84 105 87 108
53 110 57 115

3
0 0
70 125
74 209
1
71 40 74 42

3
30 0
95 52
0 80
2
41 11 46 13
86 21 90 25

3
123 0
0 42
41 98
1
107 93 112 96

3
0 0
88 94
179 207
7
132 15 135 20
99 24 102 27
21 27 23 32
71 44 75 47
111 53 115 55
163 117 168 121
40 179 44 183

3
156 0
190 83
0 164
2
51 20 53 22
7 25 11 28

3
0 0
65 178
176 192
3
34 91 37 94
28 103 32 107
5 155 8 158

3
20 0
0 10
131 109
1
18 3 21 6

3
117 0
148 101
0 199
5
43 29 47 31
0 38 0 42
64 86 67 88
2 128 6 131
18 131 22 134

3
0 0
98 113
58 164
1
8 18 11 23

3
140 0
0 70
92 205
3
81 26 85 28
55 57 59 60
19 95 22 98

3
0 0
163 66
89 124
1
9 117 13 119

3
56 0
0 63
182 175
2
142 53 146 55
51 79 54 83

3
0 0
35 10
79 136
3
5 61 8 65
0 99 2 101
7 108 11 113

3
0 0
69 108
178 153
1
159 138 163 143

3
96 0
0 72
107 111
2
65 3 70 8
0 15 0 20

3
173 0
0 6
170 99
2
85 21 89 26
4 31 9 33

3
54 0
0 24
108 87
2
66 36 71 38
27 55 29 58

3
122 0
88 47
0 136
1
36 92 38 96

3
62 0
0 43
134 124
1
36 92 38 96

3
86 0
171 56
0 141
1
11 11 18 17

3
42 0
0 34
118 183
3
23 8 26 11
32 23 36 27
50 35 54 39

3
109 0
5 136
0 160
1
86 100 91 105

3
168 0
152 89
0 134
2
83 10 85 13
82 42 86 46

3
23 0
216 64
0 114
2
103 91 106 93
170 101 173 106

3
72 0
0 172
188 179
1
95 79 100 81

3
52 0
185 194
0 212
3
142 31 147 33
54 105 56 109
70 131 73 136

3
33 0
0 70
64 167
1
10 92 13 94

3
44 0
0 10
114 150
2
39 72 43 76
83 98 88 103

3
190 0
0 193
86 240
5
120 39 122 43
109 76 111 80
108 129 112 134
13 169 17 177
36 175 40 180

3
0 0
30 56
58 132
2
53 0 56 3
26 39 29 43

3
0 0
26 26
216 89
3
162 46 166 51
77 48 79 53
143 85 146 87

3
109 0
199 25
0 94
3
183 12 187 16
139 38 144 40
163 45 168 48

3
0 0
157 87
17 168
2
120 81 125 86
63 83 67 85

3
116 0
22 22
0 72
2
107 11 112 13
59 61 63 66

3
16 0
0 18
119 46
1
55 0 59 3

3
235 0
20 12
0 95
3
13 15 16 19
132 45 136 47
173 52 176 56

3
36 0
122 46
0 134
3
50 1 55 5
115 93 117 95
106 112 110 115

3
20 0
107 70
0 86
3
60 16 62 18
87 20 92 24
66 57 70 59

3
124 0
0 50
103 191
4
81 1 84 6
62 60 65 62
83 158 87 160
94 175 97 179

3
33 0
22 118
0 178
3
7 14 12 17
24 28 29 33
27 66 31 68

3
75 0
0 80
61 172
1
72 165 75 168

3
148 0
0 45
59 206
3
0 37 1 42
55 81 60 84
26 197 29 199

3
0 0
91 29
30 47
1
9 22 12 25

3
192 0
0 218
26 228
1
70 212 74 217

3
64 0
0 44
114 83
1
18 10 23 14

3
81 0
52 31
0 227
1
68 64 73 69

3
0 0
95 28
32 160
3
72 68 75 72
19 97 22 101
18 124 23 127

3
0 0
172 7
85 224
1
17 1 21 3

3
0 0
71 58
41 196
1
48 180 50 184

3
124 0
0 54
46 152
4
13 52 17 57
20 83 23 87
16 104 20 107
124 142 124 145

3
54 0
0 39
102 108
1
8 13 11 17

3
165 0
86 3
0 99
1
129 6 132 8

3
0 0
156 50
69 108
2
54 55 56 60
6 107 10 108

3
196 0
217 63
0 188
6
32 41 34 45
216 68 217 73
73 140 78 145
163 146 167 150
175 158 178 161
49 167 53 171

3
41 0
0 26
80 52
1
59 29 63 31

3
152 0
0 96
97 174
1
67 80 71 84

3
90 0
0 93
217 115
5
105 0 109 3
176 15 178 18
0 62 0 64
11 89 16 91
117 91 120 96

3
0 0
124 59
93 110
1
2 6 6 11

3
25 0
185 31
0 121
3
38 28 40 31
167 33 172 35
68 81 70 85

3
117 0
0 89
119 211
1
9 50 11 52

3
0 0
117 145
144 158
5
74 81 76 85
85 96 90 100
35 120 39 122
122 137 125 142
52 147 56 152

3
115 0
0 59
47 165
1
25 101 28 104

3
111 0
99 201
0 202
4
0 59 3 64
29 75 34 77
20 133 24 135
4 182 9 186

3
157 0
0 74
213 172
5
37 9 39 14
47 12 52 14
20 17 22 19
143 51 146 53
139 108 144 111

3
0 0
26 138
191 188
7
67 12 72 14
22 69 27 73
152 84 154 89
121 113 125 118
102 131 107 133
28 172 32 174
77 173 80 178

3
50 0
0 46
43 110
1
25 92 27 97

3
40 0
142 42
0 224
5
74 78 78 83
52 89 57 94
14 105 18 107
75 120 80 124
137 189 141 192

3
23 0
0 149
4 235
1
19 126 23 131

3
157 0
98 34
0 42
1
133 20 138 22

3
100 0
73 125
0 227
2
32 37 35 42
38 49 41 51

3
0 0
3 14
180 209
2
143 77 147 82
175 139 178 141

3
121 0
0 46
27 108
2
85 40 89 42
69 91 72 94

3
118 0
0 102
22 161
2
25 65 29 67
15 115 17 118

3
0 0
24 6
92 172
3
87 11 89 13
77 34 81 37
28 133 33 137

3
93 0
0 28
152 121
1
28 19 33 22

3
56 0
211 0
0 145
4
197 48 199 50
185 82 190 87
0 127 3 129
108 133 113 136

3
0 0
58 55
181 55
1
23 22 28 24

3
172 0
0 166
205 170
2
128 85 131 88
203 88 205 93

3
92 0
216 20
0 49
3
57 8 59 11
85 10 89 14
50 40 52 45

3
32 0
203 53
0 81
2
131 30 135 32
13 56 16 60

3
22 0
0 192
121 206
2
32 25 36 29
86 165 89 167

3
0 0
76 5
38 50
1
2 25 5 29

3
0 0
145 70
163 196
3
7 7 9 11
14 13 18 17
118 167 120 169

3
0 0
206 25
133 46
2
32 4 37 6
3 18 5 21

3
0 0
119 119
63 206
1
65 186 67 190

3
0 0
10 41
11 100
1
0 47 1 50

3
24 0
168 61
0 158
4
47 91 52 94
99 101 104 106
51 103 53 108
135 121 138 126

3
0 0
45 113
162 144
1
107 52 111 57

3
11 0
134 99
0 118
4
16 7 19 11
116 67 120 70
22 69 24 73
88 80 90 85

3
56 0
40 62
0 140
2
0 1 4 3
41 120 44 125

3
0 0
26 57
75 178
4
72 31 75 34
74 58 75 61
67 74 70 78
0 86 3 91

3
92 0
0 49
230 134
1
21 72 25 76

3
0 0
36 41
120 148
1
110 7 113 9

3
164 0
0 96
152 120
3
135 29 139 31
2 49 4 51
68 61 71 65

3
168 0
0 61
214 91
4
137 37 142 41
192 48 197 53
76 61 81 63
204 80 208 84

3
0 0
56 67
197 140
1
95 49 99 53

3
42 0
0 60
128 132
2
95 49 97 54
47 102 51 105

3
55 0
0 47
178 98
2
164 28 168 30
59 94 61 98

3
0 0
90 31
19 151
2
22 6 24 11
55 38 57 43

3
121 0
0 86
87 108
2
100 36 103 38
104 99 108 102

3
151 0
0 80
77 178
4
94 58 97 63
115 78 117 81
150 90 151 93
103 163 106 165

3
158 0
178 107
0 151
4
86 4 89 8
174 33 176 38
25 63 29 67
70 119 72 123

3
98 0
0 24
127 124
3
104 17 107 22
120 33 123 37
77 43 82 46

3
31 0
211 124
0 148
4
135 9 139 14
34 101 36 103
79 105 83 107
89 105 94 108

3
65 0
0 161
183 244
6
37 6 41 8
158 22 160 24
94 113 97 118
177 136 182 141
167 204 170 207
121 230 125 232

3
101 0
0 183
50 204
3
20 67 23 69
53 90 57 93
52 159 57 161

3
84 0
60 77
0 94
1
12 53 17 55

3
0 0
21 141
157 215
2
145 4 150 6
146 53 149 58

3
161 0
0 210
0 222
5
53 38 56 41
63 52 65 57
3 85 5 87
84 129 88 132
82 173 87 175

3
0 0
70 52
23 180
3
27 19 31 22
38 43 42 48
28 72 30 74

3
0 0
93 6
121 98
1
75 55 79 59

3
58 0
56 35
0 162
2
20 145 24 147
0 151 3 154

3
142 0
0 15
187 187
5
122 64 125 69
137 109 141 114
66 145 70 147
36 161 40 166
180 179 183 182

3
194 0
0 12
2 31
1
176 7 181 10

3
62 0
49 3
0 154
1
19 143 24 148

3
0 0
35 75
116 190
3
19 51 24 54
76 131 81 135
24 165 28 170

3
0 0
178 11
199 156
6
45 72 47 76
67 77 70 80
55 105 58 110
63 116 68 120
158 131 160 134
93 147 96 149

3
133 0
0 33
92 48
2
13 14 16 16
57 28 60 30

3
155 0
0 59
115 155
4
59 25 62 29
147 28 150 33
36 68 40 71
19 78 23 80

3
108 0
0 51
18 183
1
60 65 62 68

3
65 0
0 84
60 102
1
15 13 19 16

3
26 0
0 53
33 194
1
12 108 16 111

3
109 0
51 27
0 133
1
18 99 23 102

3
0 0
42 122
53 169
1
41 20 46 22

3
158 0
0 95
107 195
1
109 24 112 27

3
200 0
0 126
214 214
2
100 22 102 25
1 37 5 41

3
85 0
25 156
0 176
3
41 1 45 3
2 14 5 17
39 35 43 39

3
0 0
34 36
177 56
3
113 11 118 16
138 25 141 28
78 54 80 56

3
26 0
99 33
0 113
3
1 17 6 21
70 69 73 74
98 112 99 113

3
0 0
134 15
33 128
2
91 71 95 73
37 117 42 119

3
115 0
134 16
0 131
1
60 107 62 111

3
18 0
181 45
0 89
1
173 1 177 3

3
127 0
0 21
85 112
1
45 31 49 34

3
41 0
57 8
0 124
1
23 22 26 24

3
164 0
145 16
0 163
7
160 57 163 60
155 64 159 68
147 97 150 102
91 132 95 137
137 136 140 141
81 144 83 149
106 157 111 162

3
148 0
35 13
0 121
2
73 66 77 71
43 104 47 109

3
146 0
33 140
0 161
1
26 116 30 119

3
60 0
0 127
122 141
1
63 55 66 59

3
57 0
75 70
0 150
1
20 123 22 126

3
140 0
183 32
0 48
2
45 23 49 28
91 41 95 43

3
0 0
53 186
85 204
3
57 123 59 127
3 136 8 141
46 169 50 174

3
0 0
90 103
118 178
1
38 138 42 142

3
55 0
86 145
0 197
3
72 52 74 56
64 96 66 99
36 176 41 181

3
0 0
164 146
82 184
3
78 37 81 40
103 58 107 61
126 135 131 138

3
173 0
0 5
179 223
5
8 75 13 80
161 85 165 87
0 130 3 134
31 206 35 211
76 216 79 220

3
0 0
37 37
56 126
1
27 29 31 32

3
158 0
178 80
0 144
3
38 5 40 7
130 114 133 119
21 126 23 130

3
225 0
220 94
0 177
3
178 0 180 0
155 145 159 147
111 153 113 158

3
141 0
0 57
127 241
2
63 104 66 107
42 164 44 166

3
35 0
0 161
78 177
1
9 148 14 150

3
0 0
31 26
165 198
5
0 14 0 17
27 23 30 26
113 146 116 150
24 155 29 159
18 159 21 162

3
0 0
81 42
74 87
1
76 8 81 12

3
0 0
84 50
157 50
1
93 32 98 37

3
63 0
0 194
1 208
1
44 132 47 135

3
42 0
0 12
96 65
2
11 21 15 24
86 33 89 38

3
72 0
0 90
45 91
1
41 53 46 55

3
117 0
89 58
0 138
1
53 87 57 90

3
0 0
199 14
192 23
1
104 1 107 4

3
20 0
146 89
0 152
1
45 3 49 7

3
64 0
32 151
0 158
1
9 127 12 132

3
27 0
0 88
75 186
1
3 121 6 126

3
185 0
42 151
0 194
1
50 3 54 5

3
181 0
171 53
0 196
4
159 40 161 44
108 68 112 72
45 75 47 80
31 173 35 177

3
107 0
152 8
0 220
2
11 110 15 115
100 121 105 125

3
0 0
170 48
88 215
3
88 20 92 24
1 112 6 116
119 176 123 180

3
0 0
195 102
18 231
7
87 2 92 6
91 61 94 66
169 94 172 99
72 125 77 129
135 144 138 149
77 200 82 203
69 210 74 215

3
0 0
90 137
34 235
2
61 8 67 19
59 160 61 163

3
0 0
60 65
105 185
3
93 44 95 49
29 88 31 92
48 94 53 97

3
112 0
46 119
0 159
3
55 105 60 109
104 133 106 138
60 149 63 154

3
0 0
82 125
90 139
1
51 82 54 86

3
0 0
77 2
45 125
1
31 37 33 42

3
0 0
191 67
11 180
4
182 39 186 44
157 60 159 63
1 96 4 100
28 170 33 174

3
17 0
81 150
0 168
1
57 83 60 88

3
161 0
0 23
68 57
1
93 21 97 25

3
28 0
97 148
0 154
2
39 23 43 27
84 109 89 113

3
144 0
0 51
40 96
2
95 22 99 25
66 61 70 66

3
149 0
0 76
193 95
1
183 35 186 40

3
105 0
37 121
0 218
2
26 87 30 91
46 146 49 151

3
192 0
0 116
18 243
1
112 228 116 233

3
0 0
59 42
3 123
1
59 25 59 28

3
58 0
56 11
0 192
1
6 66 8 68

3
0 0
0 85
56 192
1
36 134 41 137

3
132 0
0 15
59 179
4
41 0 46 4
6 20 9 24
16 126 20 128
13 146 17 151

3
73 0
4 59
0 98
1
47 3 50 5

3
0 0
125 105
79 135
4
107 12 112 16
33 44 35 46
22 80 27 85
46 87 49 89

3
0 0
32 107
220 170
1
102 96 106 101

3
212 0
187 5
0 191
4
133 54 138 56
5 75 7 80
143 102 146 106
199 138 203 141

3
0 0
35 93
143 178
2
83 22 85 24
132 152 134 155

3
0 0
97 45
23 76
2
62 0 67 1
57 44 60 46

3
0 0
179 24
186 101
4
114 1 119 3
47 22 50 26
91 30 94 35
68 71 73 75

3
156 0
88 31
0 204
2
28 69 32 72
3 76 6 80

3
75 0
0 164
114 165
1
3 59 6 63

3
179 0
0 115
70 125
3
151 23 153 28
113 51 117 56
162 79 164 84

3
0 0
157 70
133 141
1
67 57 72 61

3
0 0
57 2
109 175
4
97 94 102 96
51 96 55 99
103 111 108 113
49 115 54 117

3
128 0
8 148
0 162
2
18 36 23 39
65 139 69 141

3
151 0
0 12
180 120
3
102 8 107 11
167 20 172 22
28 82 33 84

3
0 0
4 8
74 131
1
0 62 3 64

3
69 0
0 135
87 172
1
51 132 55 134

3
0 0
169 70
127 161
1
94 31 99 35

3
100 0
85 81
0 119
3
59 33 61 37
56 53 60 57
59 117 64 119

3
73 0
83 60
0 62
2
25 2 28 6
24 32 26 34

3
0 0
113 81
83 145
3
72 66 75 68
25 72 27 75
44 98 46 103

3
0 0
160 0
21 100
2
121 41 124 43
153 78 155 82

3
123 0
0 23
144 184
1
26 102 31 105

3
63 0
0 108
223 157
4
134 15 139 18
174 35 176 40
148 101 153 103
181 108 183 112

3
56 0
117 84
0 110
1
20 17 24 21

3
0 0
100 35
5 78
2
15 0 17 1
20 44 25 48

3
161 0
36 39
0 88
2
132 13 136 17
108 86 112 88

3
31 0
76 3
0 174
3
33 15 35 20
2 83 4 85
71 112 76 117

3
163 0
0 10
1 108
3
99 17 103 19
150 91 152 96
13 105 15 108

3
52 0
150 24
0 70
2
141 53 143 58
112 60 115 65

3
90 0
22 101
0 166
2
6 126 10 131
74 165 79 166

3
0 0
50 127
96 189
3
25 77 28 82
8 117 12 120
76 137 80 142

3
13 0
72 6
0 208
1
72 115 72 120

3
74 0
55 42
0 63
1
43 23 46 25

3
52 0
0 2
53 155
1
0 73 2 75

3
170 0
7 79
0 213
2
127 14 129 19
12 42 17 46

3
74 0
0 46
98 58
1
61 35 63 38

3
48 0
99 34
0 147
1
9 13 12 18

3
154 0
42 103
0 108
3
33 22 37 26
78 45 82 50
65 78 69 81

3
0 0
56 60
72 86
1
36 5 39 8

3
0 0
4 80
46 204
1
28 42 31 45

3
58 0
0 27
142 87
3
98 53 100 55
66 71 69 73
28 81 31 85

3
0 0
169 3
5 155
6
161 65 164 70
116 70 119 72
119 77 122 82
0 93 0 96
34 130 38 134
40 150 42 155

3
109 0
8 44
0 91
3
32 8 37 10
4 40 6 45
20 46 23 51

3
0 0
56 11
158 130
1
39 30 44 32

3
0 0
74 11
157 61
1
46 61 48 61

3
0 0
70 97
10 111
1
14 53 18 58

3
180 0
89 32
0 102
2
3 51 5 54
76 76 81 78

3
189 0
0 68
19 81
2
136 51 141 54
155 58 159 61

3
0 0
103 50
73 65
1
1 31 4 34

3
39 0
0 13
151 37
1
25 1 29 3

3
166 0
109 49
0 77
4
27 19 31 21
96 53 101 57
82 64 86 69
46 68 50 73

3
205 0
0 84
32 84
2
57 34 61 39
165 77 170 80

3
174 0
130 81
0 100
3
145 24 147 28
23 41 26 43
98 85 102 89

3
74 0
0 163
41 242
3
40 61 42 65
22 94 24 96
23 146 27 148

3
104 0
165 99
0 123
2
6 25 8 27
58 72 61 76

3
138 0
0 39
226 101
3
42 4 46 9
113 59 117 64
187 85 192 87

3
51 0
68 4
0 165
2
67 15 68 19
48 83 52 85

3
0 0
112 117
77 210
4
3 23 5 27
19 32 21 37
90 60 93 65
77 105 82 107

3
34 0
131 51
0 174
1
9 156 14 161

3
190 0
0 93
199 138
2
70 60 75 63
147 111 152 114

3
77 0
172 20
0 187
5
26 11 28 13
117 98 120 101
109 121 112 123
20 135 24 137
22 186 24 187

3
131 0
0 8
144 195
5
79 6 81 9
15 34 17 39
48 72 52 75
93 111 98 116
9 175 11 178

3
138 0
0 20
4 80
2
82 24 86 27
129 54 131 56

3
0 0
174 36
65 86
1
170 63 173 67

3
0 0
202 26
3 120
2
25 15 27 17
45 84 47 88

3
0 0
65 45
204 137
2
91 52 96 54
99 95 102 99

3
0 0
34 169
148 194
1
133 146 138 150

3
113 0
17 13
0 98
1
4 38 8 43

3
0 0
136 50
103 92
2
88 10 91 12
34 36 39 40

3
103 0
8 24
0 49
1
37 11 41 14

3
0 0
165 34
179 120
2
127 19 131 24
5 21 9 26

3
209 0
0 39
158 65
1
56 11 61 16

3
86 0
0 2
38 156
3
56 7 60 9
42 54 45 56
80 65 83 67

3
19 0
148 13
0 40
1
75 14 79 16

3
35 0
0 1
159 115
2
54 84 59 86
61 94 66 99

3
56 0
218 16
0 75
4
100 10 102 15
58 11 62 15
151 40 155 43
86 58 89 62

3
28 0
0 47
45 167
1
0 74 4 77

3
176 0
0 64
106 108
3
49 3 54 8
0 10 2 12
80 46 82 49

3
101 0
15 178
0 182
2
46 1 51 4
49 14 52 17

3
168 0
74 98
0 134
4
83 4 88 7
65 62 68 64
66 67 71 71
165 77 167 82

3
0 0
42 60
74 111
1
3 107 6 109

3
154 0
78 110
0 168
3
48 101 50 103
79 103 82 107
117 124 120 129

3
107 0
20 27
0 115
1
0 81 1 83

3
104 0
0 127
122 209
1
70 144 74 149

3
41 0
201 107
0 126
2
164 6 166 8
182 21 187 26

3
118 0
0 173
11 173
3
34 57 39 60
83 109 88 113
40 114 44 118

3
50 0
21 166
0 177
1
10 75 12 78

3
97 0
205 23
0 161
3
152 98 156 100
57 117 62 121
61 143 66 146

3
83 0
0 20
206 26
2
134 10 136 12
160 20 163 25

3
110 0
71 107
0 137
1
0 5 3 10

3
0 0
152 143
49 187
1
64 159 68 162

3
195 0
0 78
115 184
1
39 43 42 45

3
0 0
119 1
159 145
1
85 1 87 5

3
0 0
210 87
122 115
5
49 9 53 14
26 17 30 21
161 67 163 69
131 102 135 104
105 104 108 108

3
207 0
0 96
51 184
3
146 13 148 18
94 78 99 83
2 120 5 123

3
48 0
90 8
0 118
1
83 108 86 113

3
146 0
0 57
67 133
1
0 0 5 1

3
0 0
22 35
123 111
1
63 68 65 73

3
0 0
199 45
10 69
2
104 0 106 3
13 52 15 54

3
0 0
60 106
90 124
1
75 94 78 99

3
52 0
43 48
0 99
1
3 82 7 86

3
115 0
184 13
0 110
3
59 59 62 64
92 93 97 96
14 104 18 107

3
43 0
0 68
6 217
1
27 3 29 8

3
66 0
177 122
0 126
2
93 23 97 25
20 40 25 43

3
0 0
28 106
34 207
3
22 42 26 47
9 52 11 55
4 138 7 140

3
73 0
0 109
235 135
5
19 0 23 1
75 0 77 4
44 66 48 71
89 87 93 91
102 87 106 92

3
127 0
34 111
0 227
6
46 34 51 36
24 70 26 75
110 121 115 124
0 170 0 175
101 198 106 201
87 218 90 221

3
164 0
0 128
42 141
3
118 65 120 70
37 67 39 70
60 84 62 89

3
0 0
99 29
77 79
3
70 1 73 3
0 4 1 7
51 42 53 46

3
15 0
0 1
85 112
1
12 24 15 26

3
154 0
0 21
172 111
1
161 96 165 99

3
28 0
0 50
66 161
1
48 6 51 8

3
86 0
156 3
0 104
3
155 45 156 48
156 78 156 81
24 103 27 104

3
0 0
195 74
115 87
2
27 17 31 19
146 34 148 36

3
82 0
147 104
0 113
2
89 32 91 36
129 60 133 65

3
138 0
95 26
0 39
1
81 3 85 6

3
17 0
134 139
0 189
2
110 37 115 39
44 52 46 56

3
84 0
158 67
0 119
2
85 54 89 56
137 69 141 71

3
0 0
140 46
160 225
1
132 38 135 42

3
109 0
0 11
203 234
4
69 8 71 12
97 15 99 17
145 98 150 101
188 203 192 207

3
0 0
102 19
105 108
1
90 20 92 24

3
0 0
189 75
39 206
6
128 0 132 1
112 17 116 20
68 117 70 122
86 154 89 156
60 193 63 195
15 197 19 200

3
0 0
73 47
46 63
1
39 22 43 27

3
20 0
0 64
126 88
2
84 47 88 52
13 57 15 60

3
25 0
81 26
0 29
1
50 19 54 22

3
194 0
0 51
171 168
3
25 96 27 99
105 106 110 109
115 158 117 161

3
90 0
87 168
0 201
2
51 85 53 87
35 163 40 167

3
145 0
159 44
0 79
2
22 51 25 54
128 66 132 70

3
196 0
102 30
0 224
1
156 190 159 192

3
97 0
0 138
76 208
1
24 22 26 27

3
100 0
152 64
0 128
2
0 0 3 3
134 91 136 96

3
0 0
233 21
27 44
2
66 9 70 12
152 33 154 35

3
0 0
201 93
126 157
4
66 5 70 8
81 14 86 17
127 40 131 43
189 91 194 96

3
74 0
0 153
173 160
4
35 30 39 33
53 51 55 53
144 79 147 82
56 93 60 96

3
88 0
101 60
0 121
2
96 13 99 17
24 54 28 57

3
158 0
0 109
186 145
1
84 37 87 42

3
0 0
190 65
194 136
1
31 73 35 76

3
84 0
0 122
180 143
1
42 46 47 49

3
0 0
118 39
148 143
1
39 117 42 121

3
0 0
193 45
24 114
1
66 39 69 44

3
89 0
0 119
38 120
1
63 59 66 61

3
72 0
0 21
45 115
1
68 95 72 97

3
10 0
95 30
0 52
1
82 34 87 36

3
4 0
0 122
68 163
1
29 22 34 25

3
193 0
125 35
0 171
5
116 18 118 20
39 28 41 30
163 47 167 49
89 129 93 132
111 162 115 165

3
157 0
0 113
151 183
3
151 66 154 69
122 108 125 111
33 116 37 119

3
0 0
51 83
115 173
1
7 77 9 79

3
0 0
77 44
163 69
1
15 23 19 26

3
28 0
179 33
0 95
2
146 19 148 24
103 20 105 23

3
81 0
22 107
0 147
1
56 8 60 12

3
0 0
26 110
106 125
4
61 24 64 27
34 68 39 71
42 90 47 93
86 120 89 123

3
78 0
164 33
0 217
5
53 25 56 28
80 25 82 30
58 111 60 115
61 174 63 179
108 190 111 194

3
40 0
90 34
0 103
2
42 8 46 12
5 64 7 69

3
120 0
0 22
107 96
1
59 26 64 30

3
0 0
202 12
201 180
5
89 21 92 26
23 54 27 57
96 59 98 62
149 93 152 95
97 166 100 169

3
54 0
0 44
77 115
1
76 19 77 24

3
199 0
0 68
223 154
2
146 7 151 12
39 84 43 86

3
134 0
0 40
50 146
4
119 49 123 54
5 50 9 54
20 62 23 65
64 128 66 131

3
49 0
0 42
55 95
1
11 91 15 93

3
0 0
139 9
199 104
1
21 73 24 77

3
114 0
7 106
0 204
3
110 125 114 130
0 144 4 149
92 161 97 164

3
10 0
0 212
57 224
3
47 0 50 2
56 170 57 173
16 204 20 206

3
185 0
152 123
0 141
3
158 90 161 93
131 102 133 107
13 105 17 109

3
96 0
23 47
0 162
2
96 4 96 9
18 61 21 65

3
0 0
13 118
137 189
4
78 13 83 18
119 66 121 70
92 83 96 85
66 84 69 87

3
146 0
61 87
0 113
1
69 83 71 85

3
55 0
230 44
0 163
8
205 27 208 29
98 73 101 76
137 77 142 79
92 121 95 126
65 122 67 126
169 131 171 133
94 140 98 144
227 156 229 159

3
47 0
232 179
0 189
3
128 9 132 11
58 66 61 70
66 118 71 121

3
186 0
105 131
0 207
3
0 12 3 14
140 108 144 112
123 118 126 121

3
0 0
50 18
15 68
1
36 60 38 64

3
109 0
0 80
112 159
1
99 10 104 12

3
42 0
131 29
0 187
2
48 19 50 24
119 150 123 152

3
0 0
60 26
51 212
1
42 116 44 119

3
0 0
39 33
63 147
1
47 111 49 114

3
0 0
17 13
177 83
4
143 0 146 0
128 18 133 20
174 43 176 47
87 55 92 59

3
101 0
125 23
0 72
1
13 66 16 71

3
132 0
0 129
67 168
4
111 9 115 12
0 88 1 91
19 99 21 104
69 100 72 103

3
0 0
39 198
55 203
2
14 83 19 88
22 192 27 197

3
156 0
0 20
145 138
1
87 119 92 121

3
0 0
22 80
74 167
2
58 102 61 107
67 138 70 141

3
0 0
53 75
45 129
1
48 21 52 23

3
0 0
167 49
17 87
2
67 42 72 44
161 61 163 64

3
50 0
198 9
0 72
1
59 15 63 18

3
66 0
0 133
148 146
2
59 68 63 71
0 87 4 92

3
0 0
167 14
182 54
2
20 30 25 33
115 47 118 51

3
0 0
47 35
83 87
1
67 59 72 64

3
138 0
0 104
59 223
3
47 168 49 170
43 185 45 189
12 201 16 205

3
164 0
47 56
0 168
1
140 106 142 110

3
151 0
0 142
131 176
2
105 11 110 15
82 73 86 77

3
139 0
0 121
73 162
3
62 3 64 6
22 94 26 97
67 143 71 145

3
145 0
159 81
0 197
2
80 105 82 110
112 116 116 120

3
50 0
0 52
179 110
3
55 12 60 16
131 21 136 25
51 89 56 91

3
100 0
92 100
0 118
1
78 36 81 39

3
53 0
0 169
27 176
1
3 45 7 47

3
0 0
33 189
34 220
1
25 118 28 121

3
189 0
0 29
118 92
2
45 7 47 11
39 86 44 89

3
0 0
143 89
24 111
2
72 22 74 27
87 99 92 101

3
9 0
45 24
0 65
1
37 35 40 40

3
98 0
0 56
31 188
2
97 75 98 78
14 128 18 131

3
168 0
0 132
160 137
1
35 26 38 29

3
0 0
66 0
131 38
1
8 3 10 5

3
108 0
0 103
153 156
4
36 2 40 6
148 30 153 35
133 62 137 66
55 143 58 145

3
0 0
74 146
40 165
1
34 57 38 59

3
72 0
0 31
144 32
1
75 1 80 6

3
53 0
9 21
0 203
1
24 164 29 167

3
0 0
31 105
178 153
4
16 50 21 53
44 78 46 83
88 127 92 132
113 127 115 130

3
42 0
0 46
75 96
2
68 7 72 10
8 29 12 31

3
69 0
127 69
0 201
4
121 0 124 4
1 8 3 12
44 83 46 88
49 141 54 144

3
0 0
61 17
227 207
2
226 24 227 28
29 113 32 115

3
0 0
101 41
186 139
1
96 138 99 139

3
89 0
99 71
0 78
2
62 60 64 64
5 63 9 68

3
0 0
3 103
159 170
4
135 26 138 29
68 32 71 36
34 166 37 169
153 166 156 168

3
185 0
0 22
169 124
1
0 92 3 97

3
147 0
0 52
169 172
1
58 126 60 129

3
0 0
112 47
139 143
1
116 52 119 55

3
24 0
0 101
84 107
2
30 29 32 31
78 78 81 82

3
14 0
187 128
0 135
4
150 18 154 21
139 25 141 30
138 83 143 87
165 101 168 103

3
147 0
0 73
102 159
8
74 4 78 6
75 24 79 27
103 74 106 77
72 82 76 87
35 89 40 93
117 122 120 126
70 152 72 155
93 158 95 159

3
228 0
0 68
64 183
10
95 16 100 18
64 19 66 21
189 25 192 28
81 43 84 45
109 56 112 61
218 78 223 81
6 99 11 103
129 99 132 103
146 140 150 144
22 169 25 174

3
0 0
107 13
47 38
1
18 28 23 31

3
146 0
0 68
118 113
2
15 106 17 111
22 110 24 113

3
68 0
89 117
0 156
2
0 0 2 1
8 123 10 125

3
0 0
113 97
97 166
1
64 22 68 27

3
0 0
5 18
72 64
1
35 4 37 8

3
8 0
116 46
0 132
2
42 46 44 50
108 92 112 95

3
14 0
0 147
163 175
2
128 134 133 138
19 154 23 156

3
0 0
8 65
79 167
4
0 122 0 126
68 133 71 137
42 149 47 152
23 152 26 157

3
0 0
200 17
57 86
1
169 43 173 46

3
62 0
70 162
0 176
2
36 39 41 41
49 140 52 143

3
134 0
28 73
0 189
1
74 15 79 20

3
127 0
0 33
83 158
1
18 93 23 97

3
136 0
170 74
0 200
1
109 129 114 131

3
146 0
0 41
181 137
1
181 4 181 7

3
177 0
27 32
0 159
1
83 14 88 16

3
46 0
0 157
45 185
1
32 170 35 172

3
218 0
154 206
0 244
5
178 36 181 39
189 43 194 47
0 51 2 56
105 78 110 80
125 179 128 181

3
0 0
89 139
128 140
2
59 51 61 53
47 135 50 137

3
142 0
150 60
0 91
1
86 67 90 70

3
57 0
121 47
0 48
2
39 34 44 39
63 43 66 47

3
83 0
76 3
0 103
1
0 91 2 94

3
0 0
121 76
6 108
2
91 83 93 88
78 94 83 96

3
195 0
54 156
0 158
4
111 59 114 63
47 65 52 67
135 65 139 69
64 108 67 111

3
0 0
36 169
132 179
4
121 27 123 29
90 85 92 89
84 164 89 166
71 170 73 173

3
74 0
0 111
64 127
2
11 6 16 8
33 94 36 96

3
0 0
124 22
68 113
1
111 77 116 80

3
0 0
118 9
5 118
2
53 72 56 76
47 87 50 90

3
0 0
149 56
156 65
1
97 23 100 27

3
42 0
0 52
30 79
1
35 42 39 45

3
202 0
0 38
195 104
2
41 31 46 35
107 65 110 70

3
89 0
0 16
186 216
2
129 93 131 96
41 155 46 157

3
7 0
0 13
37 128
1
26 48 31 52

3
212 0
0 81
62 194
4
56 17 60 22
147 109 149 113
158 145 162 150
108 165 111 170

3
0 0
40 1
55 56
1
1 34 3 36

3
90 0
0 96
204 152
3
134 32 138 36
80 44 83 49
133 99 135 102

3
222 0
199 19
0 59
1
22 55 27 58

3
7 0
0 39
111 168
5
0 43 1 46
86 86 88 88
3 131 7 136
96 148 98 152
96 164 99 168

3
94 0
148 9
0 50
1
121 46 126 48

3
85 0
70 98
0 122
1
54 70 56 73

3
144 0
0 185
8 220
1
127 95 130 99

3
76 0
0 121
99 195
1
8 37 12 39

3
0 0
130 26
75 42
1
91 3 94 8

3
139 0
0 114
93 118
4
121 6 123 10
30 67 34 72
93 100 98 105
138 118 139 118

3
51 0
0 112
76 138
3
52 60 56 65
56 71 59 76
32 101 36 106

3
0 0
78 51
29 54
2
21 5 24 9
23 36 26 40

3
202 0
34 152
0 159
1
182 153 186 155

3
30 0
67 59
0 74
2
56 21 59 25
29 65 32 70

3
0 0
23 112
92 226
4
51 23 53 25
70 36 75 41
24 87 27 91
80 149 84 153

3
0 0
88 95
176 194
1
115 117 119 120

3
0 0
143 163
160 194
2
95 91 100 96
143 92 145 96

3
0 0
29 70
36 159
3
16 38 19 40
32 86 34 88
6 132 10 137

3
67 0
0 5
119 124
4
93 33 98 38
55 54 58 58
92 84 95 88
110 122 115 124

3
0 0
159 194
105 226
2
75 80 80 85
95 223 100 226

3
13 0
43 30
0 187
1
5 156 10 159

3
207 0
0 4
52 150
6
179 80 181 82
85 90 89 94
52 111 54 115
98 123 102 128
73 128 78 132
65 144 70 149

3
0 0
135 26
131 130
3
67 14 72 16
97 15 101 17
82 78 86 80

3
21 0
0 103
40 153
1
21 121 25 125

3
34 0
61 152
0 196
2
47 160 51 162
37 191 42 196

3
0 0
169 84
137 114
1
103 107 105 111

3
29 0
0 9
200 90
2
115 2 120 7
147 43 151 46

3
52 0
7 188
0 196
1
18 134 22 137

3
178 0
0 4
74 18
1
2 12 5 14

3
189 0
43 107
0 129
4
103 22 106 24
188 47 189 51
48 80 52 84
105 102 110 106

3
227 0
33 30
0 104
1
83 79 86 81

3
99 0
0 197
64 230
3
34 74 38 79
85 123 88 126
3 204 5 209

3
5 0
23 15
0 189
1
18 177 23 179

3
0 0
47 123
74 228
1
11 85 14 87

3
128 0
97 100
0 101
1
108 22 113 26

3
186 0
121 81
0 145
5
114 7 119 9
175 17 180 22
156 95 161 98
144 98 148 103
155 124 157 129

3
0 0
112 48
61 143
3
80 59 83 62
38 73 40 77
98 86 102 89

3
166 0
0 20
192 151
3
36 7 38 10
149 47 153 51
140 138 143 140

3
175 0
78 116
0 168
3
120 19 122 23
72 82 74 87
8 127 11 131

3
0 0
151 55
161 82
1
61 31 64 33

3
0 0
170 134
26 185
3
48 86 52 89
71 109 73 113
60 135 63 139

3
0 0
5 179
40 211
1
38 66 40 70

3
224 0
48 61
0 144
1
133 102 137 107

3
0 0
146 5
118 17
1
131 0 136 0

3
69 0
0 14
162 43
1
55 38 57 41

3
0 0
136 24
48 185
3
50 10 55 12
49 45 51 50
40 120 45 125

3
34 0
0 51
44 209
1
40 122 42 127

3
148 0
0 3
163 55
1
95 11 98 13

3
0 0
6 123
168 168
5
57 12 60 14
81 25 84 29
79 44 84 49
148 74 151 79
67 91 72 93

3
0 0
13 211
81 218
1
63 20 65 22

3
0 0
168 36
220 110
2
0 12 1 17
5 20 7 25

3
44 0
65 20
0 48
1
46 25 50 28

3
138 0
107 2
0 91
2
129 54 132 58
40 67 44 70

3
0 0
8 9
57 187
1
48 15 51 20

3
0 0
119 107
110 143
1
25 108 28 111

3
15 0
0 63
42 88
1
41 44 42 48

3
113 0
152 14
0 100
1
118 73 121 77

3
43 0
0 54
160 78
3
18 14 23 19
113 56 115 59
76 62 81 66

3
119 0
111 138
0 248
2
29 97 33 102
21 207 23 212

3
163 0
213 23
0 196
4
196 61 200 66
20 84 24 87
142 163 144 168
206 176 208 178

3
49 0
0 11
37 27
1
10 2 13 7

3
100 0
0 113
142 210
1
136 58 141 62

3
92 0
139 27
0 49
1
125 17 129 22

3
178 0
0 18
199 182
7
0 45 0 48
172 70 177 73
171 90 176 95
19 109 22 111
191 119 193 124
151 175 154 179
89 177 92 179

3
0 0
112 10
154 137
2
23 99 25 102
79 99 83 104

3
81 0
0 36
84 134
2
33 20 38 22
29 98 33 100

3
90 0
0 174
137 176
3
58 90 60 94
7 94 10 97
108 104 110 108

3
141 0
0 15
154 62
1
104 16 108 18

3
42 0
23 154
0 210
1
12 44 17 47

3
0 0
104 15
159 116
2
99 9 101 12
40 16 44 19

3
51 0
109 167
0 185
2
109 18 109 21
4 154 8 159

3
130 0
173 43
0 141
1
38 94 43 97

3
0 0
155 163
119 201
6
142 25 145 28
83 36 86 39
110 76 114 79
124 134 128 137
111 141 114 145
134 156 138 161

3
92 0
99 46
0 154
2
39 47 44 50
18 84 22 88

3
196 0
145 16
0 35
1
169 30 172 33

3
77 0
26 97
0 128
2
1 92 4 97
49 109 54 111

3
0 0
70 32
117 117
2
35 2 39 7
39 57 42 60

3
221 0
0 5
197 138
2
47 58 51 62
144 131 146 136

3
58 0
0 25
106 165
2
6 59 11 64
73 123 75 125

3
157 0
0 33
52 142
2
73 39 76 41
150 75 153 80

3
0 0
13 30
5 198
2
10 107 13 112
6 158 8 162

3
19 0
0 42
109 74
2
13 0 17 0
20 59 23 61

3
34 0
0 3
147 17
1
87 4 90 7

3
96 0
212 112
0 127
2
105 7 108 11
85 19 90 22

4
0 0
25 41
190 112
188 210
3
96 37 100 40
38 56 42 60
136 210 138 210

4
6 0
0 49
222 82
63 89
1
45 83 50 85

4
0 0
42 7
16 143
41 187
1
19 106 23 111

4
76 0
199 113
0 185
150 210
3
101 104 105 109
72 149 77 152
123 197 127 199

4
134 0
0 118
35 139
162 195
4
73 30 77 32
75 80 77 85
159 98 162 102
42 177 46 182

4
165 0
0 34
31 99
148 138
1
7 67 9 70

4
174 0
0 6
161 106
145 134
4
168 9 170 13
108 46 110 50
59 68 62 73
82 93 87 98

4
90 0
24 95
101 95
0 108
2
62 96 65 98
6 100 8 104

4
5 0
0 156
20 205
116 236
1
59 202 61 204

4
215 0
131 37
0 90
107 114
2
15 34 19 36
38 99 42 104

4
0 0
9 3
66 64
96 218
1
15 170 18 174

4
125 0
124 86
0 141
2 229
4
35 109 39 111
94 133 99 138
116 160 118 165
51 193 53 198

4
135 0
0 10
38 64
18 76
1
88 50 91 54

4
41 0
86 5
0 151
84 176
1
41 86 46 91

4
0 0
88 0
222 17
210 84
2
114 12 119 15
148 44 150 48

4
92 0
0 45
117 95
13 152
1
1 105 6 108

4
126 0
184 33
190 66
0 207
3
100 29 105 34
190 38 190 43
158 79 161 81

4
77 0
0 134
114 199
174 204
3
53 46 57 51
104 90 108 95
79 171 81 174

4
31 0
63 61
0 81
140 216
3
104 94 109 99
95 104 100 108
66 175 70 179

4
0 0
37 96
36 139
114 211
1
66 200 68 205

4
127 0
0 118
203 186
202 240
8
31 21 34 25
140 92 142 97
63 108 65 110
54 120 57 122
61 149 66 153
59 156 64 160
177 178 181 180
57 211 59 215

4
188 0
70 55
120 108
0 145
2
24 36 29 41
133 118 137 120

4
159 0
88 36
0 123
78 154
2
33 62 35 67
144 130 149 133

4
10 0
62 121
205 167
0 219
7
30 3 34 8
180 22 185 26
46 54 50 58
76 113 80 118
39 152 42 157
199 181 204 183
182 207 186 209

4
0 0
190 52
161 61
195 95
4
91 17 94 19
156 34 158 39
180 63 182 67
6 90 10 93

4
67 0
91 63
0 139
122 201
1
5 0 9 3

4
27 0
104 57
73 97
0 128
1
77 127 79 128

4
9 0
152 1
225 108
0 151
1
60 3 64 6

4
0 0
52 9
129 150
165 154
2
130 70 132 72
96 74 98 79

4
67 0
192 128
0 134
223 176
2
48 4 52 9
1 152 6 156

4
8 0
33 23
123 193
0 231
3
111 126 116 130
0 180 1 184
10 203 15 205

4
0 0
32 85
109 187
8 193
1
70 183 75 187

4
78 0
70 61
0 131
182 163
4
82 0 86 2
113 46 115 50
63 95 68 100
131 150 133 153

4
0 0
90 44
8 106
0 132
3
71 48 76 52
45 66 49 71
52 84 56 86

4
56 0
95 17
0 18
10 82
1
36 12 40 17

4
84 0
77 127
84 188
0 218
2
66 89 69 91
13 146 15 148

4
149 0
4 78
0 90
28 142
2
123 21 127 26
24 70 26 75

4
115 0
0 101
69 116
57 146
2
46 114 50 119
78 120 82 124

4
0 0
88 89
142 135
198 186
1
91 68 93 71

4
65 0
19 44
112 75
0 83
4
71 7 73 12
26 14 29 18
106 39 108 43
1 59 6 63

4
50 0
0 17
189 124
16 210
3
79 112 84 117
59 145 63 150
126 150 130 152

4
81 0
32 7
80 86
0 131
2
32 92 34 95
54 131 56 131

4
108 0
135 9
0 24
194 89
1
156 59 158 64

4
0 0
22 3
185 61
233 74
1
14 20 16 23

4
16 0
31 79
174 151
0 179
2
118 82 121 86
103 130 105 133

4
0 0
219 131
148 134
221 150
3
174 22 176 27
115 51 119 53
54 141 59 146

4
17 0
133 37
0 43
52 52
1
2 28 4 33

4
137 0
141 4
43 14
0 37
1
46 15 51 17

4
49 0
29 41
0 85
147 182
5
53 27 57 29
61 102 64 105
47 131 52 135
72 160 77 165
11 164 13 169

4
90 0
5 64
0 156
84 163
1
0 91 3 95

4
0 0
62 53
128 100
6 117
2
78 25 83 28
49 54 53 59

4
1 0
0 38
77 165
33 179
1
13 69 15 74

4
0 0
46 30
81 84
37 127
1
16 83 18 85

4
204 0
143 58
159 95
0 162
3
29 13 31 16
120 79 122 81
146 151 148 153

4
0 0
102 12
169 108
104 142
2
0 91 0 96
49 92 54 95

4
49 0
113 5
0 110
87 178
4
88 19 93 23
27 25 32 27
5 108 9 113
100 130 102 135

4
0 0
154 44
171 94
117 154
3
166 68 170 72
38 69 43 73
40 104 45 106

4
127 0
0 92
91 112
30 135
1
104 106 106 109

4
36 0
0 60
174 102
227 164
8
63 10 66 15
183 22 187 24
181 38 186 41
165 61 168 65
163 89 166 91
201 98 204 103
16 111 21 114
140 150 143 153

4
134 0
120 60
0 130
2 138
1
28 6 30 8

4
95 0
63 57
238 79
0 97
2
45 5 50 7
50 23 53 28

4
0 0
116 19
130 60
193 134
2
147 27 151 31
173 33 176 36

4
59 0
0 58
181 84
197 115
1
58 23 62 26

4
168 0
150 94
20 118
0 146
1
148 102 151 107

4
0 0
104 4
82 11
178 42
1
149 41 154 42

4
135 0
178 20
0 75
177 94
1
18 32 22 34

4
127 0
0 116
95 160
96 165
3
61 6 65 8
25 57 27 59
41 79 45 82

4
66 0
86 4
87 50
0 139
1
75 59 78 62

4
111 0
223 56
143 99
0 122
2
139 15 144 17
171 101 173 104

4
136 0
3 39
17 136
0 162
2
24 17 26 21
111 128 114 130

4
81 0
0 14
27 38
42 121
1
32 12 36 15

4
173 0
244 30
0 59
216 93
4
55 10 59 14
70 66 74 70
153 76 156 81
142 89 146 91

4
162 0
25 33
79 127
0 181
4
62 7 66 9
13 56 17 58
104 119 106 124
31 157 33 159

4
204 0
0 37
158 50
13 84
1
151 49 155 53

4
111 0
27 1
0 47
14 60
3
23 35 25 37
31 43 36 47
88 44 90 46

4
147 0
210 81
11 149
0 158
6
53 25 55 29
82 30 86 34
156 50 158 55
128 71 133 76
159 102 162 105
180 114 185 116

4
56 0
65 83
173 106
0 208
3
146 7 151 10
43 167 45 172
59 170 62 174

4
0 0
238 113
234 132
64 146
2
172 13 176 16
77 37 79 40

4
29 0
36 131
0 139
78 154
1
60 136 62 141

4
15 0
24 128
0 143
32 202
1
29 25 32 29

4
217 0
110 206
0 208
212 217
4
202 27 207 30
22 128 24 133
104 179 108 181
173 186 177 191

4
183 0
53 43
83 106
0 186
2
135 54 139 57
97 136 100 139

4
171 0
48 124
62 138
0 201
3
114 17 118 19
85 146 87 148
55 194 58 196

4
0 0
109 38
14 129
154 217
6
87 51 89 55
64 81 66 85
129 104 132 108
54 115 58 119
24 198 26 200
65 217 69 217

4
130 0
104 38
71 156
0 176
1
0 133 0 135

4
30 0
121 13
15 140
0 218
2
73 6 75 9
86 192 88 197

4
175 0
188 117
76 148
0 191
2
33 37 36 40
84 167 89 171

4
0 0
200 117
100 125
49 135
3
87 3 91 6
41 91 44 96
22 124 27 129

4
0 0
13 46
43 146
75 164
1
33 84 38 87

4
142 0
0 23
60 50
24 122
2
4 88 9 90
84 106 86 111

4
0 0
122 173
204 176
122 233
2
19 58 23 63
153 166 155 168

4
0 0
130 30
116 75
166 102
3
28 29 30 31
153 38 157 43
1 40 5 42

4
99 0
8 10
0 25
15 28
1
28 25 32 28

4
0 0
33 116
18 133
7 179
1
2 46 4 51

4
154 0
0 40
22 119
167 222
6
163 1 167 3
68 35 72 40
15 52 17 57
53 57 55 59
15 153 20 158
50 160 52 162

4
111 0
0 6
159 33
7 102
2
96 18 101 22
105 90 107 94

4
126 0
96 65
0 154
211 231
8
143 30 147 35
11 79 14 83
147 95 150 97
207 145 211 150
168 155 172 157
208 169 211 174
27 170 30 172
72 209 77 214

4
154 0
0 16
136 53
146 136
3
138 6 142 10
28 30 32 33
3 78 6 81

4
167 0
0 111
5 121
139 165
2
149 0 154 4
92 115 95 119

4
30 0
0 7
155 34
59 137
1
31 79 35 81

4
71 0
0 54
141 102
207 119
5
123 24 127 26
90 35 93 40
52 54 57 59
109 56 114 59
144 95 149 97

4
125 0
0 47
141 55
34 145
2
120 82 124 85
77 144 82 145

4
15 0
151 8
47 133
0 195
4
116 10 118 12
127 40 130 42
0 100 4 104
77 139 79 143

4
122 0
150 6
0 76
145 159
4
20 26 23 30
144 82 149 85
123 106 128 110
69 123 73 128

4
8 0
98 43
0 58
223 143
5
30 0 35 4
129 26 133 31
113 75 118 78
93 79 97 82
139 112 142 114

4
0 0
84 11
85 32
41 143
1
30 27 33 32

4
207 0
0 24
93 75
57 157
4
161 7 163 9
129 14 132 17
16 21 18 23
113 110 116 115

4
0 0
108 2
108 30
135 126
2
122 6 124 9
103 15 106 17

4
130 0
0 111
187 114
53 150
1
15 45 18 48

4
0 0
142 66
106 159
6 184
2
129 65 131 67
51 134 56 137

4
8 0
9 22
0 50
122 176
4
60 87 65 89
31 89 33 92
4 108 6 110
57 113 60 115

4
7 0
88 35
0 63
146 125
3
27 47 30 51
129 57 131 59
126 68 128 71

4
2 0
63 49
0 122
43 165
1
47 165 51 165

4
118 0
0 31
79 80
129 155
2
70 39 72 43
81 98 85 102

4
36 0
0 81
165 135
100 162
3
111 14 115 18
47 102 49 106
132 156 135 160

4
25 0
199 31
0 32
66 39
1
61 0 65 2

4
165 0
133 37
49 64
0 131
1
90 57 93 59

4
236 0
0 70
76 93
241 93
2
222 4 226 9
51 87 56 89

4
182 0
156 85
37 208
0 223
2
62 39 67 41
63 199 66 202

4
135 0
191 73
0 123
2 181
6
146 22 150 25
22 28 24 33
178 41 180 45
97 61 102 63
138 101 142 105
7 136 11 140

4
166 0
101 58
0 59
152 71
1
47 38 49 41

4
0 0
241 13
177 73
178 96
1
18 26 23 29

4
0 0
64 153
14 171
154 179
7
34 16 39 20
130 22 135 26
59 31 62 33
91 32 94 35
77 36 82 39
72 118 74 120
122 128 124 131

4
56 0
108 56
0 114
214 138
4
208 1 210 3
82 11 84 14
117 64 120 67
42 83 47 88

4
0 0
17 191
154 225
108 229
4
154 22 154 27
128 29 131 31
123 136 126 140
107 165 109 170

4
0 0
125 101
1 183
104 201
4
118 4 120 8
97 10 99 13
41 151 44 153
16 165 18 167

4
28 0
0 117
188 161
34 188
9
35 18 37 21
168 26 173 28
97 43 102 47
16 48 19 50
6 52 11 57
85 77 88 80
111 103 114 105
79 134 82 139
98 140 100 144

4
189 0
0 22
197 58
194 161
2
23 64 25 67
143 135 146 140

4
188 0
0 7
201 9
10 31
1
195 11 200 16

4
162 0
0 44
76 120
153 198
1
128 41 130 45

4
169 0
153 62
0 120
70 125
5
6 39 10 43
4 73 8 75
30 107 32 110
141 114 146 118
124 117 129 120

4
132 0
146 58
77 160
0 166
4
94 4 98 6
57 8 62 12
92 26 96 28
10 98 12 103

4
148 0
0 2
44 55
111 96
2
34 49 39 54
145 64 148 66

4
0 0
209 18
180 24
239 25
1
59 17 63 19

4
131 0
0 24
134 31
23 85
2
56 46 59 49
83 49 87 52

4
0 0
213 11
42 104
26 228
4
32 82 35 84
52 178 57 181
113 184 116 187
182 225 186 227

4
132 0
42 30
145 54
0 147
3
81 20 86 22
119 71 123 74
113 99 118 101

4
35 0
240 102
32 143
0 158
4
210 20 214 24
109 59 114 63
238 65 240 67
221 142 224 146

4
66 0
0 45
95 70
144 118
3
30 37 34 40
113 92 117 95
130 101 135 106

4
0 0
180 6
220 36
139 42
1
12 28 17 32

4
64 0
115 12
138 69
0 144
2
80 13 84 15
46 16 49 18

4
221 0
130 188
0 195
84 195
7
137 12 142 16
27 30 30 32
23 93 26 95
23 116 28 118
69 125 71 130
93 149 96 154
81 177 86 180

4
173 0
0 32
160 36
65 66
2
148 41 152 43
157 65 159 66

4
0 0
113 98
210 99
58 158
5
8 24 10 26
5 93 9 97
111 127 116 131
94 137 98 141
139 139 144 142

4
104 0
0 40
71 175
9 227
3
73 3 78 6
69 104 74 106
39 121 42 125

4
0 0
82 45
8 76
45 96
1
74 14 76 18

4
90 0
22 65
0 71
36 225
1
22 211 27 213

4
117 0
66 42
0 81
99 122
2
68 16 72 20
36 100 41 105

4
0 0
244 128
197 172
50 191
3
201 11 204 16
232 43 236 48
238 72 240 77

4
198 0
90 154
107 182
0 194
7
123 6 128 8
138 25 140 29
118 40 123 42
81 115 86 118
28 125 30 130
197 160 198 165
137 175 141 177

4
212 0
148 9
0 46
204 141
3
162 28 165 32
177 101 181 103
99 136 102 141

4
138 0
78 48
0 65
45 124
1
120 98 124 101

4
0 0
245 31
207 91
136 216
10
212 2 216 5
1 4 5 9
161 41 164 44
196 73 201 76
203 75 207 80
158 143 163 148
211 169 214 171
235 170 239 173
234 182 236 184
75 216 79 216

4
142 0
171 76
181 144
0 196
4
174 17 177 21
28 84 32 87
62 104 64 108
72 121 76 126

4
249 0
164 18
231 49
0 57
1
237 12 239 15

4
184 0
71 84
0 97
139 206
1
118 166 123 169

4
52 0
113 154
0 183
99 204
2
64 70 69 75
95 89 99 91

4
35 0
0 16
129 111
31 179
5
126 18 129 21
29 26 34 29
106 37 117 43
88 59 90 64
115 158 120 161

4
0 0
12 5
101 79
182 178
4
161 134 163 139
120 163 123 165
9 168 14 170
54 176 59 178

4
0 0
126 14
105 164
104 168
3
105 110 107 114
118 144 120 148
69 146 73 150

4
122 0
137 129
0 150
14 210
4
132 26 135 29
18 28 21 32
1 74 3 78
79 106 82 110

4
119 0
0 67
159 67
160 173
1
44 138 46 140

4
84 0
0 17
20 138
186 138
1
150 106 153 108

4
31 0
11 48
127 95
0 110
1
95 56 100 59

4
222 0
0 89
80 173
133 183
2
60 135 62 138
46 182 48 183

4
151 0
69 35
0 86
8 128
3
55 65 57 70
29 78 34 83
133 92 135 97

4
158 0
0 76
15 115
34 212
3
3 118 8 122
58 185 61 188
128 196 131 198

4
0 0
118 36
37 66
183 69
1
39 41 44 44

4
159 0
62 114
0 125
176 244
4
90 73 95 78
97 143 102 146
125 149 129 152
24 188 28 191

4
21 0
54 6
142 19
0 122
2
54 80 57 82
35 88 38 92

4
197 0
0 76
75 114
81 185
5
4 8 6 11
53 40 56 42
61 80 63 85
105 129 107 134
97 135 100 139

4
111 0
115 66
0 90
197 140
2
21 92 23 94
85 122 87 125

4
224 0
42 106
151 127
0 218
6
141 72 146 76
26 91 28 96
76 132 81 134
44 145 48 148
120 184 123 187
140 194 145 198

4
61 0
0 35
95 140
152 224
2
109 25 112 27
131 216 133 219

4
162 0
15 59
0 87
168 93
2
118 7 121 10
88 67 92 72

4
33 0
170 16
89 103
0 130
4
139 63 142 67
22 103 26 105
81 103 85 105
50 126 55 128

4
0 0
123 92
28 132
167 168
2
130 121 135 126
104 131 107 133

4
177 0
180 121
0 176
89 184
4
117 4 119 9
40 13 45 17
142 29 145 33
103 153 107 155

4
198 0
146 6
0 135
79 201
4
20 124 24 127
10 138 13 141
96 165 101 170
83 183 88 185

4
135 0
138 117
178 197
0 210
4
126 77 130 79
39 97 44 100
73 117 78 122
88 134 91 138

4
119 0
19 73
0 126
66 206
1
17 132 22 136

4
20 0
216 26
0 84
119 159
4
77 3 81 7
215 37 216 40
16 100 20 102
136 123 139 125

4
147 0
29 122
0 153
36 189
1
108 162 113 164

4
95 0
130 116
0 164
158 222
3
30 3 35 6
73 57 78 62
45 131 47 133

4
130 0
0 35
16 144
159 183
3
128 51 130 53
133 97 135 100
69 111 72 113

4
76 0
200 19
0 185
150 210
5
189 38 194 42
52 40 57 42
46 137 50 142
83 145 87 150
122 156 125 158

4
230 0
0 3
143 96
75 126
4
75 0 80 0
9 15 11 19
81 43 85 46
200 60 204 64

4
8 0
0 18
225 41
191 105
5
207 0 209 4
167 19 169 23
33 25 37 29
93 46 96 49
122 61 127 63

4
0 0
71 26
123 55
150 192
6
18 3 21 6
16 9 18 12
87 39 89 44
66 50 69 54
58 102 60 107
129 143 131 148

4
31 0
194 17
68 126
0 202
5
11 100 16 102
157 121 161 125
182 129 184 131
111 133 116 137
152 177 156 180

4
148 0
0 30
181 149
120 169
2
34 130 38 134
9 146 14 150

4
19 0
0 78
171 88
5 201
4
115 62 119 67
42 66 46 70
71 67 74 71
94 67 98 72

4
97 0
0 61
29 64
46 154
1
37 12 41 14

4
134 0
131 98
239 178
0 205
6
117 8 121 11
193 44 198 47
5 90 10 92
187 101 191 105
187 140 190 145
7 157 11 160

4
173 0
0 51
172 93
66 114
1
45 72 47 75

4
123 0
0 79
19 178
92 188
1
94 73 96 75

4
0 0
168 55
93 97
2 107
3
80 0 82 4
147 4 150 9
32 37 35 41

4
49 0
205 41
0 138
118 144
2
167 24 169 27
61 70 66 72

4
174 0
213 78
0 126
6 181
4
106 16 111 20
42 110 45 115
157 112 160 117
89 168 94 170

4
0 0
12 87
107 99
6 238
5
75 22 78 27
15 62 19 67
40 77 44 82
95 128 100 131
83 165 85 167

4
30 0
0 59
42 109
122 124
2
91 43 94 47
37 85 41 89

4
70 0
73 30
107 111
0 223
3
35 29 37 32
39 44 43 47
17 61 19 66

4
147 0
0 13
119 14
80 41
2
19 0 23 2
36 0 40 1

4
86 0
15 78
0 139
116 177
4
17 3 20 6
115 29 116 31
66 67 71 69
107 109 111 111

4
175 0
23 69
0 121
59 171
4
152 30 154 33
161 33 163 37
30 89 34 91
57 155 59 158

4
34 0
0 50
28 174
160 190
5
113 42 116 46
61 93 65 97
90 127 94 130
76 130 80 134
7 166 12 170

4
175 0
0 38
173 91
29 211
2
125 119 127 121
112 183 114 186

4
23 0
145 31
207 58
0 120
3
120 50 123 55
129 80 133 85
31 87 36 91

4
86 0
21 15
0 95
168 128
3
48 35 52 39
79 53 84 55
161 55 166 59

4
162 0
0 25
167 36
238 133
4
22 0 26 3
109 29 113 33
68 30 70 32
110 62 114 65

4
223 0
34 21
216 62
0 186
4
188 1 190 3
28 9 30 13
111 60 115 63
80 149 83 151

4
46 0
24 2
186 69
0 227
5
133 34 136 37
6 90 11 94
112 94 117 96
175 137 180 140
109 162 114 167

4
75 0
136 26
0 41
24 54
1
16 2 19 6

4
0 0
73 86
235 127
66 153
2
229 73 234 78
35 142 38 147

4
49 0
111 76
147 78
0 157
2
34 0 39 3
129 56 132 58

4
0 0
60 34
30 115
167 172
1
18 49 22 51

4
0 0
70 41
155 114
111 177
1
37 134 39 139

4
0 0
109 12
101 24
44 65
2
10 20 13 25
75 25 80 29

4
0 0
102 9
51 104
38 132
1
86 22 90 24

4
214 0
164 57
0 61
162 138
3
152 35 155 38
203 38 205 40
17 65 21 70

4
107 0
164 13
0 25
159 155
1
123 19 126 21

4
0 0
36 10
241 20
96 28
1
169 26 174 28

4
63 0
71 25
0 31
33 169
1
52 155 57 158

4
146 0
228 55
0 58
73 111
1
9 84 13 86

4
0 0
4 141
121 153
197 173
2
155 123 158 127
134 156 136 158

4
134 0
0 10
175 42
154 118
2
51 53 54 56
70 66 75 71

4
136 0
67 83
0 136
34 195
1
58 54 61 59

4
130 0
0 11
24 71
171 123
2
108 56 112 61
4 57 6 59

4
20 0
167 68
0 130
51 224
6
45 45 47 47
148 100 150 102
144 123 148 126
69 135 72 140
56 155 58 160
97 203 101 206

4
13 0
19 68
96 183
0 185
2
77 26 81 31
41 108 46 112

4
17 0
70 143
0 148
143 157
1
45 0 50 0

4
0 0
7 47
141 54
220 55
1
85 40 87 44

4
132 0
52 5
180 9
0 71
2
174 59 176 61
80 64 85 67

4
164 0
107 33
241 117
0 126
5
66 12 71 14
208 17 213 21
225 60 230 64
169 84 171 87
97 101 100 103

4
106 0
78 1
0 98
2 122
2
92 34 94 37
93 54 95 56

4
63 0
60 163
108 181
0 184
4
0 68 2 73
27 79 32 84
79 143 84 147
69 170 73 175

4
10 0
192 63
0 121
136 159
4
5 25 9 29
94 48 97 53
31 66 33 68
5 136 10 138

4
118 0
207 5
97 133
0 159
6
77 4 82 9
131 31 133 35
130 114 135 118
169 122 173 124
22 123 25 127
130 134 133 137

4
105 0
70 112
0 198
41 206
1
67 58 72 60

4
22 0
57 2
0 20
127 77
1
60 31 63 35

4
174 0
194 32
31 161
0 201
4
96 1 100 4
118 52 121 57
168 89 170 93
176 127 178 131

4
41 0
212 25
113 94
0 151
1
182 77 186 81

4
117 0
114 106
124 119
0 166
3
109 13 111 15
121 56 124 61
54 131 57 136

4
10 0
148 8
241 112
0 179
2
219 139 223 143
41 177 45 179

4
138 0
162 140
93 162
0 185
4
114 1 118 5
36 51 39 54
63 75 67 78
71 111 76 116

4
0 0
169 23
52 105
180 127
2
125 62 129 67
32 114 34 116

4
0 0
81 22
127 78
157 162
5
82 1 85 4
78 32 80 35
83 113 86 118
72 132 75 134
28 134 30 138

4
188 0
100 66
165 72
0 196
7
127 20 132 23
103 44 108 46
9 86 11 88
4 91 6 93
26 96 31 98
59 161 63 166
64 172 66 176

4
224 0
131 133
0 154
180 164
1
143 69 147 74

4
55 0
14 53
103 92
0 130
3
46 14 48 17
0 39 2 44
42 56 44 58

4
17 0
0 18
118 100
172 180
6
132 51 134 54
165 62 169 65
58 63 61 66
72 69 76 73
72 96 77 99
65 147 70 149

4
54 0
0 68
54 159
4 214
1
17 207 22 209

4
0 0
172 111
81 134
200 179
3
0 118 1 123
20 129 22 134
79 175 82 177

4
56 0
142 35
85 161
0 193
1
11 107 13 111

4
196 0
146 51
0 94
115 157
1
85 134 88 139

4
40 0
92 47
0 111
92 138
3
86 15 88 19
8 53 12 57
43 132 48 135

4
0 0
111 83
53 91
235 210
1
209 127 214 132

4
0 0
215 58
182 205
216 241
7
210 5 215 9
128 10 133 12
73 38 75 40
191 65 196 69
145 107 150 110
74 147 76 151
186 214 189 219

4
9 0
123 34
0 126
156 174
4
57 3 59 6
113 72 118 74
150 81 154 86
136 87 138 92

4
77 0
62 55
0 60
112 68
2
105 16 109 19
97 28 102 32

4
66 0
145 116
23 140
0 187
5
35 12 39 15
85 22 89 27
45 37 47 39
72 70 75 72
69 93 71 97

4
0 0
33 54
224 122
143 160
2
96 11 98 13
116 18 118 22

4
0 0
73 52
74 73
39 162
1
35 31 38 35

4
182 0
39 115
0 168
64 192
5
129 14 132 17
73 34 78 39
146 37 148 41
0 40 1 43
107 79 111 83

4
33 0
0 3
163 26
17 164
1
152 39 157 42

4
0 0
125 82
153 143
188 144
2
158 64 161 67
168 113 173 115

4
128 0
111 99
26 125
0 189
4
48 38 53 41
31 45 35 48
47 66 52 70
67 100 72 105

4
79 0
127 81
0 89
99 142
2
113 0 118 3
121 15 126 20

4
48 0
138 21
174 175
0 205
3
1 8 5 12
85 149 88 152
172 162 174 166

4
175 0
142 3
0 30
36 97
2
23 5 26 9
3 91 7 95

4
42 0
0 106
153 126
40 152
2
104 33 107 36
124 78 128 80

4
148 0
0 24
215 64
146 100
1
128 84 130 87

4
133 0
0 34
183 38
159 190
3
60 67 65 71
34 114 37 119
94 151 97 154

4
76 0
43 117
0 205
68 220
2
8 107 12 112
0 138 2 141

4
229 0
0 31
107 82
160 146
1
92 69 95 71

4
44 0
0 58
180 107
198 121
3
4 17 6 21
69 92 74 97
13 117 16 121

4
154 0
44 49
179 153
0 169
1
22 127 24 130

4
20 0
0 1
31 129
111 154
3
26 13 30 16
103 67 106 69
40 95 42 97

4
0 0
102 32
109 90
105 199
3
95 126 99 131
103 137 106 142
88 194 92 196

4
86 0
109 44
136 116
0 122
2
11 48 15 50
78 55 82 57

4
148 0
4 24
110 76
0 85
1
74 37 78 39

4
0 0
28 2
61 97
39 106
2
59 6 61 9
31 65 35 68

4
203 0
71 75
0 128
225 217
3
61 3 65 5
38 93 40 97
143 138 148 140

4
66 0
223 6
0 107
214 137
1
194 59 197 62

4
43 0
0 24
107 27
197 140
1
113 82 117 86

4
45 0
42 81
0 122
50 170
2
6 18 11 21
4 130 9 135

4
0 0
64 7
118 168
32 203
6
18 84 21 88
15 91 19 96
26 125 28 127
76 134 79 139
8 137 11 140
99 200 104 202

4
68 0
189 86
0 135
60 192
2
31 14 33 16
129 83 132 87

4
0 0
70 13
135 82
183 101
1
154 31 157 35

4
53 0
0 98
225 99
180 102
3
24 0 29 3
67 28 71 31
21 81 24 83

4
213 0
125 100
133 135
0 169
3
63 11 65 13
117 48 122 52
41 136 44 138

4
180 0
0 158
181 187
188 227
6
81 47 83 50
103 63 107 65
56 82 58 87
136 108 141 110
60 204 64 209
168 205 170 209

4
39 0
0 17
74 42
38 67
1
11 31 15 36

4
48 0
51 41
203 166
0 171
3
17 52 20 57
85 105 87 109
156 150 159 155

4
113 0
142 10
0 58
174 132
1
165 0 170 3

4
102 0
25 1
104 56
0 94
2
43 43 45 47
59 63 63 67

4
172 0
143 69
44 97
0 99
2
58 29 63 32
19 57 24 60

4
24 0
162 137
0 185
106 190
5
155 77 157 79
46 84 50 87
121 93 123 97
0 98 4 100
137 114 140 116

4
183 0
144 112
0 121
68 134
3
26 57 31 62
45 109 47 114
58 126 62 128

4
82 0
78 106
0 136
125 185
5
10 70 12 75
108 78 110 82
107 93 111 97
106 104 109 109
48 184 51 185

4
91 0
43 80
57 167
0 215
2
55 80 58 83
8 133 12 135

4
0 0
0 35
117 114
124 177
1
89 158 93 163

4
0 0
188 25
11 151
96 177
3
167 13 169 17
32 28 35 30
174 42 176 44

4
70 0
36 61
54 87
0 163
1
2 30 4 33

4
0 0
170 44
172 98
82 154
1
81 144 84 147

4
191 0
0 29
67 60
61 212
7
51 3 56 7
139 31 144 36
51 52 53 56
153 94 156 98
28 119 32 123
71 181 75 184
167 193 172 195

4
0 0
153 112
44 131
202 143
5
29 54 31 59
158 126 163 130
12 127 17 130
185 142 188 143
164 143 166 143

4
0 0
203 52
220 114
48 176
4
88 36 92 39
105 45 107 49
163 86 165 89
187 116 189 120

4
160 0
0 38
37 78
17 177
3
14 19 18 22
50 40 54 44
66 91 68 94

4
123 0
90 7
0 119
92 149
2
0 36 0 39
44 122 47 127

4
0 0
48 61
58 112
136 208
6
106 6 108 10
92 41 94 43
114 80 119 82
15 86 19 91
92 156 94 159
61 200 63 203

4
27 0
161 16
0 30
186 42
2
125 9 127 13
58 35 62 40

4
0 0
152 23
196 26
98 67
1
130 29 133 32

4
46 0
50 44
0 142
139 162
3
100 47 105 52
49 84 51 88
57 107 62 112

4
233 0
0 38
54 40
71 217
1
48 212 50 215

4
54 0
48 51
65 70
0 132
4
19 46 22 50
65 58 65 63
34 105 39 107
14 113 17 116

4
55 0
68 5
0 6
99 137
2
59 46 64 48
74 67 79 72

4
212 0
0 73
177 116
185 153
1
155 81 159 83

4
0 0
39 39
10 64
146 65
1
30 8 33 11

4
24 0
186 0
144 20
0 151
2
106 84 110 88
100 88 102 93

4
192 0
0 21
225 97
141 113
3
121 50 123 53
136 77 139 82
199 100 201 104

4
202 0
138 7
109 60
0 62
1
18 3 21 8

4
26 0
1 20
0 146
61 233
2
58 71 61 73
26 84 29 86

4
90 0
176 27
0 73
115 119
1
101 7 105 9

4
123 0
86 64
0 140
188 203
1
20 106 25 110

4
1 0
33 11
176 189
0 198
6
72 6 74 9
149 110 151 114
95 123 99 128
124 138 126 143
88 151 91 155
97 166 99 170

4
12 0
30 60
18 129
0 183
2
15 46 18 49
20 52 23 54

4
143 0
0 89
114 137
224 171
1
49 82 51 87

4
73 0
167 48
0 130
187 166
1
109 160 111 165

4
134 0
0 49
240 107
63 115
3
26 57 28 59
78 97 83 102
44 101 49 105

4
0 0
84 45
60 128
70 133
2
79 25 82 30
2 95 6 99

4
81 0
220 16
65 185
0 187
1
54 179 58 184

4
0 0
161 47
119 83
187 86
4
110 1 112 3
71 30 73 34
1 44 3 46
59 56 64 60

4
207 0
176 13
62 157
0 218
3
85 14 88 17
41 117 45 122
36 211 41 216

4
112 0
75 61
0 62
0 73
1
71 0 73 4

4
64 0
0 32
147 157
144 210
2
126 2 128 7
43 110 45 113

4
208 0
121 66
22 77
0 153
1
205 75 208 77

4
0 0
62 72
212 171
183 176
5
178 42 182 44
39 61 44 65
132 106 137 111
23 150 25 153
162 152 167 154

4
9 0
60 24
68 73
0 108
1
22 85 25 87

4
0 0
69 5
148 94
79 127
3
117 39 122 41
144 73 146 75
3 98 8 100

4
39 0
111 50
67 108
0 110
2
111 3 111 8
28 104 32 106

4
193 0
0 16
66 185
92 235
7
13 38 16 40
121 57 125 61
61 73 66 76
142 111 144 115
154 112 159 116
111 141 115 144
131 174 135 178

4
146 0
96 127
0 129
23 150
2
129 64 134 68
105 121 110 126

4
0 0
142 28
118 39
114 48
2
76 16 80 21
5 27 8 32

4
146 0
85 8
61 150
0 182
4
63 42 66 46
146 83 146 85
69 164 73 167
132 168 135 173

4
0 0
140 53
78 127
75 162
2
26 101 29 104
73 113 78 117

4
0 0
154 2
128 56
151 106
3
106 22 108 27
39 26 41 31
136 42 138 46

4
48 0
114 88
0 144
176 194
5
79 46 84 49
4 116 7 119
61 139 65 142
5 150 7 155
30 169 34 171

4
97 0
94 33
218 44
0 97
1
63 89 65 91

4
127 0
0 24
91 83
95 159
4
119 58 123 60
64 88 67 92
74 89 78 91
18 126 23 129

4
185 0
196 49
0 85
99 89
1
172 6 174 8

4
123 0
117 8
31 36
0 65
1
8 62 12 65

4
171 0
220 58
187 74
0 174
3
92 142 97 146
30 149 32 153
102 166 104 170

4
205 0
0 51
120 128
219 204
10
178 3 183 6
177 65 181 70
129 70 133 72
108 96 111 100
96 108 99 111
172 109 176 111
106 128 109 132
0 158 1 161
67 191 72 196
207 198 212 203

4
220 0
0 3
52 18
70 64
2
186 36 188 40
68 48 71 51

