30
0 0
0 1
0 2
0 3
0 4
0 6
0 7
0 8
0 9
0 10
0 11
0 12
0 13
0 14
0 15
0 16
0 17
0 18
0 19
0 20
0 21
0 22
0 24
0 25
0 26
0 27
242 63
2 153
169 161
138 238
28
126 10 130 14
134 10 139 12
206 28 208 30
124 40 129 44
140 43 143 48
160 46 164 48
20 56 21 61
109 57 111 58
56 61 60 65
140 68 143 71
22 72 26 73
119 84 124 86
197 96 198 99
126 99 128 104
7 105 10 108
43 148 46 149
135 160 138 165
202 164 205 169
2 171 4 176
94 178 99 183
28 185 31 187
182 192 185 197
157 193 158 194
226 197 231 198
59 208 61 210
193 217 197 221
232 217 237 221
141 232 142 234

30
0 0
0 1
0 2
0 3
0 4
0 5
0 6
0 8
0 9
0 10
0 11
0 12
0 13
0 14
0 15
0 16
0 17
0 19
0 20
0 21
0 22
0 23
0 24
0 25
0 26
0 27
228 96
176 114
214 214
6 221
22
21 0 23 4
191 13 195 15
57 26 62 29
54 40 59 45
228 41 228 45
180 44 183 49
68 50 73 55
115 51 117 56
12 56 13 59
108 79 113 84
38 89 39 94
209 91 214 94
142 102 147 104
87 111 92 112
112 122 113 124
138 149 141 154
102 156 103 159
218 161 223 162
39 164 42 167
132 177 136 181
34 178 37 182
178 185 179 187

30
0 0
0 2
0 3
0 4
0 5
0 6
0 7
0 8
0 9
0 10
0 11
0 12
0 13
0 14
0 15
0 16
0 17
0 18
0 19
0 20
0 21
0 22
0 23
0 24
0 25
0 26
22 65
69 117
123 184
1 234
9
66 11 71 12
123 16 123 17
101 45 103 46
65 63 66 64
26 67 30 68
71 142 75 146
120 157 123 159
55 166 60 167
25 179 29 180

30
0 0
0 1
0 2
0 3
0 4
0 5
0 6
0 8
0 9
0 10
0 11
0 12
0 13
0 14
0 15
0 16
0 17
0 18
0 19
0 20
0 21
0 22
0 23
0 24
0 25
0 26
13 66
1 78
192 143
221 198
13
97 7 99 10
90 60 94 63
80 74 82 79
138 78 141 81
184 113 186 116
137 119 140 123
14 120 17 124
111 144 112 146
86 161 88 163
41 166 44 171
181 166 183 168
73 176 76 179
91 196 94 198

30
0 0
0 1
0 2
0 3
0 4
0 5
0 6
0 7
0 8
0 9
0 10
0 11
0 12
0 13
0 14
0 15
0 16
0 17
0 18
0 19
0 20
0 21
0 22
0 23
0 24
0 25
110 46
100 73
0 118
207 177
13
111 16 115 17
74 36 78 38
126 47 129 50
82 52 83 53
54 68 58 69
55 108 59 109
47 113 49 115
187 119 188 122
54 125 56 128
58 133 60 138
112 134 115 135
201 158 203 161
84 171 87 173

30
0 0
0 1
0 2
0 3
0 4
0 5
0 6
7 7
0 8
0 9
0 10
0 11
0 12
0 13
0 14
0 15
0 16
0 17
0 19
0 20
0 21
0 22
0 23
0 24
0 25
0 26
0 27
229 33
181 58
128 171
17
226 3 228 4
81 23 84 25
125 50 126 51
25 57 27 59
132 60 136 64
196 72 201 76
105 77 108 80
118 78 121 79
188 81 194 86
9 87 14 89
72 89 73 90
32 92 37 93
213 114 214 118
169 125 171 126
189 133 192 137
55 145 60 146
125 157 127 160

30
0 0
0 2
0 3
0 4
0 5
0 6
0 7
0 8
0 9
0 10
0 11
0 12
0 13
0 14
0 15
0 16
0 17
0 18
2 18
0 19
0 20
0 21
0 22
0 23
0 24
0 25
0 26
20 77
31 117
3 148
2
27 10 30 11
23 40 26 42

30
0 0
0 1
0 2
0 3
0 4
0 5
0 6
0 8
0 9
0 10
0 11
0 12
0 13
0 14
0 15
0 16
0 17
193 17
0 18
0 19
0 20
0 21
0 22
0 23
0 24
0 25
0 26
79 110
1 111
107 179
16
8 10 13 14
190 29 193 33
180 60 181 63
131 81 134 83
94 92 96 94
100 100 101 105
88 108 93 109
73 118 76 121
16 121 21 124
147 122 148 124
112 123 113 128
40 125 41 129
4 134 6 135
36 142 37 144
100 155 101 156
33 174 37 175

30
0 0
0 1
0 2
0 3
0 4
0 5
0 6
0 7
0 8
0 9
0 10
0 11
0 12
0 13
0 14
0 15
0 16
0 17
0 18
0 19
0 20
0 21
0 22
0 23
0 24
0 25
193 72
229 139
0 151
193 187
12
41 4 46 8
134 5 137 6
72 6 76 8
103 7 107 10
195 51 200 53
156 59 158 63
123 63 127 65
89 78 92 83
137 78 142 80
149 83 153 85
86 86 91 90
217 111 222 113

30
0 0
0 1
0 2
0 3
0 4
0 5
0 6
0 8
0 9
0 10
0 11
0 12
0 13
0 14
0 15
0 16
162 16
0 17
0 19
0 20
0 21
0 22
0 23
0 24
0 25
0 26
0 27
7 43
149 96
118 217
11
105 14 106 15
155 35 160 40
118 46 119 51
89 53 93 57
42 107 45 112
93 115 94 116
52 144 55 147
130 176 132 178
97 184 98 188
50 204 51 207
23 207 24 212

30
0 0
0 2
0 3
0 4
0 5
0 6
0 7
0 8
0 9
0 10
0 11
0 12
0 13
0 14
0 15
0 16
0 17
0 18
0 19
0 20
0 21
0 22
123 22
0 23
0 24
0 25
0 26
2 51
189 73
166 218
18
123 0 126 5
161 23 165 28
152 39 156 41
136 59 139 62
91 63 96 64
86 65 87 69
165 68 170 72
108 80 112 83
172 80 176 82
32 82 34 83
105 104 110 109
102 116 107 118
54 128 55 129
89 139 94 144
106 178 109 181
134 184 136 186
165 190 168 195
125 217 129 218

30
0 0
0 1
0 2
0 3
0 4
0 5
0 6
0 7
0 8
0 9
0 10
0 11
0 12
0 13
0 14
0 15
0 16
0 17
0 18
0 19
0 20
0 21
0 22
0 23
0 24
0 25
2 85
33 141
247 204
183 235
26
97 0 102 4
23 24 25 29
160 34 163 39
228 44 231 49
170 50 174 51
93 52 97 54
98 80 99 82
221 84 225 86
175 88 176 89
31 89 33 92
65 98 67 103
153 110 157 115
158 116 162 117
15 139 18 140
161 144 163 148
221 166 226 167
206 169 208 172
173 171 177 174
60 190 63 194
177 205 178 206
40 208 45 211
196 215 199 218
11 222 12 225
82 224 85 228
99 224 104 229
135 232 140 234

30
0 0
0 1
0 2
0 3
0 4
0 5
0 6
0 8
0 9
0 10
0 11
0 12
0 13
0 14
0 15
0 16
0 17
0 18
0 19
0 20
0 21
0 22
0 23
0 24
0 25
0 26
26 101
1 145
86 237
66 248
5
48 12 52 17
73 18 78 19
74 98 77 103
83 110 85 114
79 154 80 157

30
0 0
0 1
0 2
0 3
0 4
0 5
0 6
0 7
0 8
0 9
0 10
0 11
0 12
0 13
0 14
0 15
0 16
0 17
0 18
0 19
0 20
0 21
0 22
23 22
0 23
0 24
0 25
212 112
0 185
182 220
23
131 14 132 15
64 20 69 25
129 31 131 32
128 38 133 42
26 40 31 44
97 40 98 44
80 41 81 46
21 65 25 70
70 73 72 74
161 74 166 76
47 76 48 81
23 86 26 88
5 112 6 116
22 119 24 121
41 129 46 132
75 133 79 136
108 151 113 153
153 160 158 163
130 169 131 174
102 173 104 178
126 180 127 183
190 191 191 194
63 205 64 210

30
0 0
0 1
0 2
0 3
0 4
0 5
0 6
0 8
0 9
0 10
0 11
0 12
0 13
0 14
0 15
0 16
0 17
0 19
0 20
0 21
0 22
0 23
0 24
0 25
0 26
0 27
128 48
7 79
210 108
154 143
11
77 16 81 18
62 25 66 29
44 49 46 53
175 61 179 65
66 66 67 67
99 68 102 73
120 92 125 96
28 99 32 102
165 102 167 106
190 128 192 132
156 132 160 133

30
0 0
0 2
0 3
0 4
0 5
0 6
0 7
0 8
0 9
0 10
0 11
0 12
0 13
0 14
0 15
0 16
0 17
0 18
0 19
0 20
0 21
0 22
0 23
0 24
0 25
0 26
151 54
2 85
224 232
97 241
25
48 3 49 7
139 9 143 12
52 27 55 29
190 31 193 34
180 42 181 43
5 55 10 58
13 72 16 74
141 97 142 102
67 101 72 102
180 112 183 116
148 117 153 119
143 127 144 128
115 131 120 133
110 142 114 144
8 150 12 152
35 164 36 166
41 180 44 184
170 182 175 186
60 193 61 194
131 193 135 196
116 198 120 202
8 202 13 206
0 218 1 222
1 228 5 232
218 236 219 239

30
0 0
0 1
0 2
0 3
0 4
0 5
0 6
0 8
0 9
0 10
0 11
0 12
0 13
0 14
0 15
0 16
0 17
0 18
0 19
0 20
0 21
0 22
0 23
0 24
0 25
0 26
168 99
152 101
1 178
142 179
14
148 35 152 40
37 36 40 38
45 44 49 45
166 49 168 51
65 60 69 64
64 67 65 69
44 80 49 85
163 129 165 133
95 140 98 143
121 140 123 143
123 150 124 153
69 151 74 155
52 157 56 159
51 176 52 177

30
0 0
0 1
0 2
0 3
0 4
0 5
0 6
0 7
0 8
0 9
0 10
0 11
0 12
0 13
0 14
0 15
0 16
0 17
0 18
0 19
0 20
0 21
0 22
0 23
0 24
0 25
178 27
86 89
0 218
59 245
19
145 2 150 5
91 9 93 10
158 9 160 13
56 10 61 12
75 35 76 38
153 35 155 38
48 36 52 40
168 50 169 51
99 63 100 66
128 72 132 77
43 107 48 112
162 111 166 112
46 174 48 178
34 196 35 197
145 203 146 206
59 205 61 209
100 216 102 219
76 225 79 229
131 229 135 233

30
0 0
0 1
0 2
0 3
0 4
0 5
0 6
0 8
0 9
0 10
0 11
0 12
0 13
0 14
0 15
0 16
0 17
0 19
0 20
0 21
0 22
0 23
0 24
0 25
0 26
0 27
219 90
7 115
175 156
173 183
10
195 36 197 41
147 52 151 56
9 62 13 66
103 64 106 65
147 74 151 79
84 84 89 87
119 128 120 132
36 140 37 142
147 145 151 148
15 181 18 182

30
0 0
0 2
0 3
0 4
0 5
0 6
0 7
0 8
0 9
0 10
0 11
0 12
0 13
0 14
0 15
0 16
0 17
0 18
0 19
0 20
0 21
0 22
0 23
0 24
0 25
0 26
2 119
216 122
89 128
135 214
18
81 26 84 31
28 39 33 44
128 50 133 51
58 60 59 62
23 78 27 79
40 87 42 88
187 102 189 103
114 124 116 126
123 125 125 126
71 129 72 134
150 143 155 148
147 151 152 152
201 154 205 156
193 160 194 163
208 181 213 186
212 191 216 195
155 206 157 211
69 214 72 214

30
0 0
0 1
0 2
0 3
0 4
0 5
0 6
0 8
0 9
0 10
0 11
0 12
0 13
0 14
0 15
0 16
0 17
0 18
0 19
0 20
0 21
0 22
0 23
0 24
0 25
0 26
246 137
70 170
1 212
181 238
26
5 0 6 1
220 16 225 19
137 22 140 26
78 24 81 25
48 30 51 33
130 35 131 39
138 45 141 48
205 48 210 49
70 49 75 52
172 50 173 55
134 53 135 58
110 104 114 107
82 113 84 116
51 120 53 121
112 122 116 126
174 125 177 128
229 143 234 145
220 147 223 150
121 160 124 162
37 162 38 164
6 180 10 181
229 185 232 186
174 188 175 190
25 210 28 211
67 227 71 228
72 229 77 230

30
0 0
0 1
1 1
0 2
0 3
0 4
0 5
0 6
0 7
0 8
0 9
178 9
0 10
0 11
0 12
0 13
0 14
0 15
0 16
0 17
0 18
0 19
0 20
0 21
0 22
0 23
0 24
0 25
151 119
142 229
18
106 10 108 14
38 20 43 21
175 37 178 41
26 67 29 72
118 80 121 83
166 91 167 96
34 101 36 104
75 103 79 107
78 125 79 130
50 156 55 158
82 157 86 158
21 158 23 163
141 160 146 162
152 169 157 173
14 200 17 202
68 221 70 224
41 228 45 229
102 229 107 229

30
0 0
0 1
0 2
0 3
0 4
0 5
0 6
0 8
0 9
0 10
0 11
0 12
0 13
0 14
0 15
0 16
0 17
157 17
0 19
0 20
0 21
0 22
0 23
0 24
0 25
0 26
0 27
89 112
3 197
241 202
17
95 12 97 13
110 32 115 34
217 55 222 56
20 88 22 90
122 94 127 98
157 103 159 107
15 111 16 116
95 118 97 122
139 119 142 123
213 121 216 122
239 124 240 127
5 129 8 134
16 134 18 139
114 151 119 152
60 166 62 167
96 174 97 179
189 192 193 196

30
0 0
0 1
0 2
0 3
0 4
0 5
0 6
0 8
0 9
0 10
0 11
0 12
0 13
0 14
0 15
0 16
0 17
0 19
0 20
0 21
0 22
0 23
0 24
0 25
0 26
0 27
18 125
184 147
7 152
209 192
16
156 41 161 45
150 50 152 54
81 54 85 57
50 58 53 61
199 61 204 64
15 62 17 65
162 68 166 70
119 101 124 105
173 110 174 113
158 124 163 126
73 160 76 165
184 168 189 173
62 179 66 183
172 179 176 184
83 182 87 185
148 188 152 192

30
0 0
0 2
0 3
0 4
0 5
0 6
0 7
0 8
0 9
0 10
0 11
0 12
0 13
0 14
0 15
0 16
0 17
0 18
0 19
0 20
0 21
0 22
0 23
0 24
0 25
0 26
213 55
198 77
92 138
2 153
16
1 5 3 6
97 39 101 44
200 42 204 44
91 53 96 56
103 70 107 73
149 78 150 83
55 82 57 84
124 85 127 88
76 92 80 96
18 95 21 100
50 102 55 103
129 108 131 111
192 110 194 114
78 111 82 113
77 128 78 130
88 139 91 142

30
0 0
0 1
0 2
0 3
0 4
0 5
0 6
0 8
0 9
0 10
0 11
0 12
0 13
0 14
0 15
0 16
0 17
0 18
0 19
0 20
0 21
0 22
0 23
0 24
0 25
0 26
62 93
137 142
38 159
1 246
18
116 6 118 11
122 31 124 36
84 53 87 57
105 53 107 56
110 66 113 69
42 87 46 89
64 95 65 100
57 103 59 106
74 129 78 130
92 138 96 142
31 142 32 147
10 151 12 153
6 172 9 173
24 175 28 177
6 177 11 178
99 197 103 198
105 208 110 210
41 227 45 230

30
0 0
0 1
0 2
0 3
0 4
128 4
0 5
0 6
0 7
0 8
0 9
0 10
0 11
0 12
0 13
0 14
0 15
0 16
0 17
0 18
0 19
0 20
0 21
0 22
0 23
0 24
0 25
1 35
33 39
74 158
5
76 60 81 62
87 98 92 99
22 117 25 120
89 138 94 141
123 144 126 145

30
0 0
0 1
0 2
0 3
0 4
0 5
0 6
0 8
0 9
0 10
0 11
0 12
0 13
0 14
0 15
0 16
0 17
0 19
0 20
0 21
0 22
0 23
0 24
0 25
0 26
0 27
52 110
40 137
7 188
149 246
19
44 23 48 25
111 53 115 58
131 57 135 59
134 67 137 71
126 70 128 73
107 85 112 89
67 86 69 90
132 89 133 90
66 109 71 114
63 119 65 122
127 153 129 154
27 158 31 159
63 169 64 173
34 173 36 177
123 173 124 178
20 174 25 175
85 200 88 204
80 233 81 238
51 236 55 238

30
0 0
0 2
0 3
0 4
0 5
0 6
0 7
0 8
0 9
0 10
0 11
0 12
0 13
0 14
0 15
0 16
0 17
0 18
0 19
0 20
0 21
0 22
0 23
0 24
0 25
0 26
108 166
109 166
2 187
135 235
15
71 3 75 7
133 86 135 90
36 91 40 95
96 92 101 96
70 106 71 108
100 111 105 114
133 129 135 134
58 130 59 134
41 158 42 163
1 166 4 170
6 172 8 177
71 180 74 184
76 188 80 193
20 194 23 199
1 234 4 235

30
0 0
0 1
0 2
0 3
0 4
0 5
0 6
0 8
0 9
0 10
0 11
0 12
0 13
0 14
0 15
0 16
0 17
0 18
0 19
0 20
0 21
0 22
0 24
0 25
184 25
0 26
0 27
0 34
12 57
217 103
10
31 8 35 13
3 9 6 12
43 14 44 15
24 32 28 36
101 32 105 34
116 41 117 45
35 53 37 56
3 59 6 64
73 83 74 87
126 86 129 88

30
0 0
0 1
0 2
0 3
0 4
0 5
0 6
0 7
0 8
0 9
0 10
0 11
0 12
0 13
0 14
0 15
0 16
0 17
0 18
0 19
0 20
107 20
0 21
0 22
0 23
0 24
0 25
1 68
237 73
241 96
7
108 14 110 16
146 38 150 39
230 51 233 55
51 55 56 59
167 57 170 61
83 90 86 92
160 90 163 91

30
0 0
0 1
0 2
0 3
0 4
0 5
0 6
0 8
0 9
0 10
0 11
0 12
0 13
0 14
0 15
0 16
0 17
0 19
0 20
0 21
0 22
0 23
0 24
0 25
0 26
0 27
78 84
104 191
7 224
127 236
18
116 18 119 21
73 38 77 40
13 45 18 48
93 59 94 60
65 72 68 74
7 78 10 80
54 86 55 88
112 104 117 107
33 110 37 112
118 112 121 115
101 121 104 124
107 136 110 139
56 140 57 145
34 152 39 153
74 204 76 209
41 211 42 215
114 220 115 223
20 236 23 236

30
0 0
0 2
0 3
0 4
0 5
0 6
0 7
0 8
0 9
0 10
0 11
0 12
0 13
0 14
0 15
0 16
0 17
0 18
0 19
0 20
0 21
0 22
0 23
0 24
0 25
0 26
153 151
160 183
2 221
247 229
19
37 0 42 2
197 8 201 9
149 28 154 29
160 30 163 31
136 46 141 51
20 76 21 77
185 87 188 91
13 89 14 94
218 92 222 96
110 102 114 103
33 105 34 106
102 127 103 129
51 141 52 144
184 161 187 162
177 171 181 174
162 185 166 190
197 185 201 190
108 195 112 197
34 224 38 225

30
0 0
0 1
0 2
0 3
0 4
0 5
0 6
0 7
0 8
0 9
0 10
0 11
0 12
0 13
0 14
0 15
0 16
0 17
0 18
0 19
0 20
0 21
0 22
0 23
0 24
0 25
30 78
122 117
0 125
222 172
19
56 18 58 21
206 32 210 34
205 46 208 49
203 71 207 75
57 73 58 78
83 79 85 84
86 90 89 94
21 97 23 98
9 100 11 101
162 100 167 104
124 109 125 110
173 112 178 116
80 129 83 133
11 137 15 140
170 154 172 159
91 155 93 159
132 157 134 161
119 159 123 164
96 171 100 172

30
0 0
0 1
0 2
0 3
0 4
0 5
0 6
0 8
0 9
0 10
0 11
0 12
0 13
0 14
0 15
0 16
0 17
0 18
0 19
0 20
0 21
0 22
0 24
0 25
0 26
0 27
0 67
140 68
204 91
18 186
15
186 4 189 9
63 40 65 41
98 43 101 47
141 69 146 71
198 105 203 106
110 122 112 126
73 124 74 126
5 129 10 133
20 130 24 133
164 133 165 134
101 137 104 140
118 154 122 158
27 170 30 173
138 177 142 180
61 183 65 186

30
0 0
0 1
0 2
0 3
0 4
0 5
0 6
0 7
0 8
0 9
0 10
0 11
0 12
0 13
0 14
0 15
0 16
0 17
0 18
0 19
0 20
0 21
0 22
0 23
0 24
0 25
33 41
43 66
1 102
202 206
11
160 2 163 7
108 18 112 21
36 47 39 48
140 71 141 73
126 73 128 77
56 104 60 109
190 130 195 133
133 178 138 179
9 195 12 196
101 195 102 199
124 197 126 200

30
0 0
0 1
0 2
0 3
0 4
0 5
0 6
0 8
0 9
0 10
8 10
0 11
0 12
0 13
0 14
0 15
0 16
0 17
0 19
0 20
0 21
0 22
0 23
0 24
0 25
0 26
0 27
224 106
226 182
227 222
18
86 0 91 3
31 1 36 4
52 6 56 9
47 32 48 36
180 44 184 49
129 67 131 71
216 67 218 71
175 88 180 90
190 88 191 93
19 96 24 97
187 156 189 159
46 163 48 168
194 180 199 181
13 199 18 203
36 202 37 203
80 209 85 211
175 215 176 216
212 218 217 221

30
0 0
0 2
0 3
0 4
0 5
0 6
3 6
0 7
0 8
0 9
0 10
0 11
0 12
0 13
0 14
0 15
0 16
0 17
0 18
0 19
0 20
0 21
0 22
0 23
0 24
0 25
0 26
176 146
13 188
187 248
18
50 2 55 6
183 9 186 11
60 40 64 43
157 77 158 82
127 99 128 102
19 103 23 104
137 106 138 108
157 111 162 112
42 112 43 115
131 112 133 115
157 117 159 122
89 165 92 168
87 195 91 199
131 206 136 210
41 216 44 218
113 222 117 226
156 229 157 233
104 235 105 236

30
0 0
0 1
0 2
0 3
0 4
0 5
0 6
0 8
0 9
0 10
0 11
0 12
0 13
0 14
0 15
0 16
0 17
0 18
0 19
0 20
0 21
0 22
0 24
0 25
0 26
0 27
31 46
0 100
130 143
45 177
10
74 6 75 9
113 34 116 39
45 57 48 61
1 69 5 74
123 75 124 77
3 77 4 80
2 141 6 145
65 150 69 155
8 155 13 158
27 162 31 166

30
0 0
0 1
0 2
0 3
0 4
0 5
0 6
0 7
0 8
0 9
0 10
0 11
0 12
0 13
0 14
0 15
0 16
0 17
0 18
0 19
0 20
0 21
0 22
0 23
0 24
0 25
249 67
186 91
141 123
1 135
19
102 5 103 10
138 31 139 32
49 39 54 44
14 43 16 46
222 60 224 61
108 64 111 65
89 65 94 66
46 68 49 72
28 78 30 79
62 89 63 91
173 89 176 90
24 104 28 105
138 104 140 109
55 106 56 111
128 114 132 116
5 117 8 118
16 126 18 130
168 128 171 129
185 129 190 134

30
0 0
0 1
0 2
0 3
0 4
0 5
0 6
0 8
0 9
0 10
0 11
0 12
0 13
0 14
0 15
0 16
0 17
0 19
0 20
0 21
0 22
0 23
0 24
0 25
0 26
0 27
8 47
48 79
113 102
176 118
7
175 10 176 13
38 17 42 22
11 50 15 53
102 67 103 69
151 73 155 76
48 93 51 95
34 109 39 114

30
0 0
0 2
0 3
0 4
0 5
0 6
0 7
0 8
0 9
0 10
0 11
0 12
0 13
0 14
0 15
0 16
0 17
0 18
0 19
0 20
0 21
0 22
0 23
0 24
0 25
0 26
3 40
193 133
182 173
37 228
22
99 14 101 19
29 17 30 18
56 23 59 27
68 23 72 27
18 24 21 26
48 26 52 27
47 40 50 43
32 111 33 114
43 111 46 114
120 112 121 115
149 122 154 127
55 139 56 144
31 140 34 144
193 144 193 145
128 155 132 160
45 156 50 157
115 166 119 170
46 184 50 187
70 200 71 201
185 202 190 207
44 207 45 212
63 214 68 217

30
0 0
0 1
0 2
0 3
0 4
0 5
0 6
0 8
0 9
0 10
0 11
0 12
0 13
0 14
0 15
0 16
0 17
0 18
0 19
0 20
0 21
0 22
0 24
0 25
0 26
0 27
0 133
168 220
51 227
228 233
24
185 11 190 15
33 13 37 14
119 14 120 19
88 15 92 20
195 34 198 35
174 35 177 40
11 37 16 41
111 41 114 46
21 45 25 47
214 52 219 54
167 63 172 68
227 78 228 79
75 79 76 82
30 91 32 92
22 95 26 98
175 111 177 114
138 119 142 120
30 120 34 125
88 148 91 150
7 177 10 180
100 181 104 182
89 192 93 195
152 204 157 206
121 214 126 219

30
0 0
0 1
0 2
0 3
0 4
0 5
0 6
0 7
0 8
0 9
0 10
0 11
0 12
0 13
0 14
0 15
0 16
0 17
0 18
0 19
0 20
0 21
0 22
0 23
0 24
0 25
165 45
1 169
115 226
59 235
18
44 0 47 3
64 17 68 22
48 27 52 28
51 68 53 73
31 94 32 95
153 106 156 109
91 121 93 125
1 136 6 139
139 156 142 157
161 159 165 161
153 180 156 182
125 187 127 192
100 188 105 190
159 198 161 201
25 201 30 206
136 201 139 202
117 214 120 215
113 223 114 225

30
0 0
0 1
0 2
0 3
0 4
0 6
0 7
0 8
0 9
0 10
0 11
0 12
0 13
0 14
0 15
0 16
70 16
0 17
0 19
0 20
0 21
0 22
0 23
0 24
0 25
0 26
0 27
0 51
177 143
228 160
12
106 17 111 18
68 23 69 26
125 49 126 50
204 56 205 58
95 60 96 62
168 83 171 84
182 97 184 99
182 107 185 110
97 121 102 125
228 132 228 133
215 140 220 141
59 144 62 148

30
0 0
0 1
0 2
0 3
0 4
0 5
173 5
0 6
0 8
0 9
0 10
0 11
0 12
0 13
0 14
0 15
0 16
0 17
0 19
0 20
0 21
0 22
0 23
0 24
0 25
0 26
0 27
235 64
8 83
140 98
13
124 0 126 3
179 13 182 17
30 21 35 23
137 24 138 28
211 26 212 31
150 40 154 44
109 41 111 44
27 56 31 58
69 56 72 59
180 69 182 70
51 75 56 77
172 90 177 94
112 97 113 98

30
0 0
0 2
0 3
0 4
0 5
0 6
0 7
0 8
0 9
0 10
0 11
0 12
0 13
0 14
0 15
0 16
0 17
0 18
0 19
0 20
0 21
0 22
0 23
0 24
0 25
0 26
246 30
3 74
78 112
106 147
14
106 4 108 6
147 20 151 23
231 42 232 47
196 51 200 54
139 54 143 58
154 57 159 59
124 58 128 61
174 65 176 66
197 84 200 86
150 100 153 101
80 117 81 120
31 131 35 135
31 138 33 141
234 143 236 144

30
0 0
0 1
0 2
0 3
0 4
0 5
0 6
0 8
0 9
0 10
0 11
0 12
0 13
0 14
0 15
0 16
0 17
0 18
0 19
0 20
0 21
0 22
0 24
0 25
0 26
0 27
150 98
180 117
0 166
87 237
15
141 6 145 10
141 29 144 34
90 66 93 69
162 66 164 71
83 73 86 74
81 81 86 86
92 82 95 86
166 119 171 120
14 171 18 173
76 210 78 211
113 215 118 218
26 217 30 219
173 219 174 221
74 222 78 226
161 223 164 227

30
0 0
0 1
0 2
0 3
0 4
0 5
0 6
0 7
0 8
0 9
0 10
0 11
0 12
0 13
0 14
0 15
0 16
0 17
0 18
0 19
0 20
0 21
0 22
0 23
0 24
0 25
232 148
23 161
1 203
100 226
22
121 5 122 8
114 14 115 17
77 32 81 37
51 36 54 40
43 41 44 44
172 42 175 45
177 45 182 50
85 50 87 55
217 63 218 68
5 69 7 72
204 72 209 74
73 79 74 84
181 80 185 85
160 81 162 82
154 120 159 125
59 155 61 159
111 176 112 179
109 205 114 209
205 206 208 209
45 213 47 217
166 218 170 221
148 225 150 226

30
0 0
0 1
0 2
0 3
0 4
0 5
0 6
0 8
0 9
0 10
0 11
0 12
0 13
0 14
0 15
0 16
110 16
0 17
0 19
0 20
0 21
0 22
0 23
0 24
0 25
0 26
0 27
53 77
195 104
8 120
7
162 52 163 56
83 65 88 70
146 72 147 76
121 81 126 86
105 95 108 100
154 107 155 110
55 109 60 114

30
0 0
0 2
0 3
0 4
0 5
5 5
0 6
0 7
0 8
0 9
0 10
48 10
0 11
0 12
0 13
0 14
0 15
0 16
0 17
0 18
0 19
0 20
0 21
0 22
0 23
0 24
0 25
0 26
3 109
155 141
11
111 15 112 20
138 15 142 19
113 26 114 30
56 36 60 40
123 49 126 51
150 65 154 70
68 75 69 78
10 93 12 96
25 103 30 104
113 121 117 122
36 130 41 133

30
0 0
0 1
0 2
0 3
0 4
0 5
0 6
0 8
0 9
0 10
0 11
0 12
0 13
0 14
0 15
0 16
0 17
0 18
0 19
0 20
0 21
0 22
0 24
0 25
0 26
0 27
1 51
41 143
44 179
0 200
5
33 68 37 71
19 94 20 96
12 132 13 137
24 150 25 152
13 180 17 183

30
0 0
0 1
0 2
0 3
0 4
0 5
0 6
0 7
0 8
0 9
0 10
0 11
0 12
0 13
0 14
0 15
0 16
0 17
0 18
0 19
0 20
0 21
0 22
0 23
0 24
0 25
190 60
243 220
209 235
1 236
22
43 21 46 25
144 58 147 63
237 70 240 73
212 86 217 91
77 112 80 115
125 112 129 116
223 116 227 118
243 128 243 133
103 135 104 139
7 151 10 155
54 151 58 154
91 157 93 160
235 167 239 168
51 172 56 174
216 176 218 179
70 189 75 191
107 195 111 199
241 208 243 211
17 211 19 214
81 216 83 219
114 222 119 223
59 232 63 234

30
0 0
0 1
0 2
0 3
0 4
0 5
0 6
0 8
0 9
0 10
0 11
0 12
0 13
0 14
0 15
0 16
0 17
0 19
0 20
0 21
0 22
0 23
0 24
0 25
0 26
0 27
211 46
15 51
170 71
8 157
8
101 23 105 27
90 41 95 43
128 56 130 58
60 66 65 70
86 102 90 105
18 114 23 116
108 134 109 135
68 151 71 153

30
0 0
0 2
0 3
0 4
0 5
0 6
0 7
0 8
0 9
130 9
0 10
0 11
0 12
0 13
0 14
0 15
0 16
0 17
0 18
0 19
0 20
0 21
0 22
0 23
0 24
0 25
0 26
51 63
3 143
45 231
11
54 13 59 16
105 39 109 42
62 41 66 45
93 43 98 48
26 70 27 75
14 92 15 97
120 110 121 113
24 130 29 131
69 130 72 133
126 131 130 136
7 180 8 185

30
0 0
0 1
0 2
0 3
0 4
0 5
0 6
0 7
0 8
0 9
0 10
0 11
0 12
0 13
0 14
0 15
0 16
0 17
0 18
0 19
0 20
0 21
0 22
0 23
0 24
0 25
29 104
2 119
121 219
124 234
11
96 11 99 15
81 13 83 17
49 15 51 19
108 30 111 32
99 59 100 63
114 66 115 71
122 91 123 94
11 94 14 97
51 120 52 123
71 215 72 216
46 227 50 228

30
0 0
0 1
0 2
0 3
0 4
0 5
0 6
0 8
0 9
0 10
0 11
0 12
0 13
0 14
0 15
0 16
0 17
0 18
0 19
0 20
0 21
0 22
0 24
0 25
0 26
0 27
221 81
32 221
0 233
133 243
22
35 11 40 14
136 29 140 30
167 32 172 34
36 33 40 35
120 64 123 65
88 70 93 75
97 75 102 78
120 82 125 85
151 87 155 89
201 90 203 94
128 114 129 117
102 116 104 118
171 117 174 119
83 120 88 124
35 143 37 148
47 151 49 154
179 160 180 165
119 195 124 199
196 206 201 207
76 212 78 217
171 213 175 214
149 242 153 243

30
0 0
0 1
0 2
0 3
0 4
0 5
0 6
0 7
0 8
0 9
0 10
0 11
0 12
0 13
0 14
0 15
0 16
0 17
0 18
0 19
0 20
2 20
0 21
0 22
0 23
0 24
0 25
214 43
101 169
139 225
22
90 2 92 7
51 3 54 7
23 35 25 38
177 47 182 52
31 61 35 63
185 63 187 64
4 66 5 71
5 78 7 80
191 95 193 99
25 98 27 100
157 102 161 105
46 106 47 110
74 115 75 116
139 118 140 121
76 120 78 125
199 123 201 126
205 143 207 147
12 194 15 196
202 199 206 200
93 201 97 206
71 202 72 206
206 220 207 223

30
0 0
0 1
0 2
0 3
0 4
0 5
0 6
0 8
0 9
0 10
0 11
0 12
0 13
0 14
0 15
0 16
0 17
0 19
0 20
0 21
0 22
0 23
0 24
0 25
0 26
0 27
184 42
119 48
101 86
8 193
18
162 3 167 4
113 15 117 19
29 30 30 35
130 50 135 51
181 53 184 57
14 55 17 60
45 60 50 62
3 69 7 71
40 85 42 89
57 88 61 90
29 105 34 108
100 112 103 117
16 123 20 124
62 129 63 130
99 141 100 142
175 148 180 150
99 191 102 193
63 192 66 193

30
0 0
0 2
0 3
0 4
0 5
0 6
0 7
0 8
0 9
0 10
0 11
0 12
0 13
0 14
0 15
0 16
0 17
0 18
0 19
0 20
0 21
0 22
0 23
0 24
0 25
0 26
241 109
3 177
136 180
216 214
23
133 10 136 14
38 25 40 29
110 25 115 26
155 36 160 41
183 60 188 62
220 68 223 71
138 73 140 76
90 81 92 84
186 84 188 88
43 96 45 101
171 106 176 111
78 126 83 131
144 145 145 150
191 158 193 163
85 160 87 165
119 164 120 166
66 166 71 171
138 170 139 173
85 175 90 176
28 187 30 191
199 188 201 189
22 195 26 200
172 195 173 198

30
0 0
0 1
0 2
0 3
0 4
0 5
0 6
0 8
0 9
0 10
0 11
0 12
0 13
0 14
0 15
0 16
1 16
0 17
0 18
0 19
0 20
0 21
0 22
0 24
0 25
0 26
0 27
104 154
87 230
205 235
20
34 13 39 15
117 13 118 14
17 16 19 18
35 51 36 55
119 73 120 75
91 79 96 81
4 86 6 88
192 91 193 93
140 98 142 100
145 111 148 112
158 123 161 124
63 138 65 139
116 139 118 141
111 146 114 147
114 151 118 154
2 188 6 193
6 196 9 201
139 202 144 206
161 224 162 227
146 230 150 234

30
0 0
0 1
0 2
0 3
0 4
0 5
0 6
0 7
191 7
0 8
0 9
0 10
0 11
0 12
0 13
0 14
0 15
0 16
0 17
201 17
0 18
0 19
0 20
0 21
0 23
0 24
0 25
0 26
0 57
185 136
15
178 12 180 13
22 13 25 14
149 16 153 19
1 21 5 22
164 23 167 26
72 26 74 31
3 36 6 38
173 37 175 42
80 49 81 54
179 61 180 66
104 64 106 66
48 112 49 113
45 119 48 124
34 127 36 129
30 134 31 136

30
0 0
0 1
0 2
0 3
0 4
0 5
0 6
0 8
0 9
0 10
0 11
0 12
0 13
0 14
0 15
0 16
0 17
0 19
0 20
0 21
0 22
0 23
0 24
0 25
0 26
0 27
61 44
137 111
229 179
8 230
17
88 0 89 0
99 3 103 4
84 45 87 49
204 54 207 55
148 57 152 62
223 68 224 69
130 83 135 84
159 94 164 96
27 123 32 128
83 132 88 137
113 151 114 153
31 184 34 187
31 195 32 197
145 197 149 199
19 201 20 205
74 217 79 222
189 222 192 223

30
0 0
0 2
0 3
0 4
0 5
0 6
0 7
0 8
0 9
0 10
0 11
0 12
0 13
0 14
0 15
0 16
0 17
0 18
46 18
0 19
0 20
0 21
0 22
0 23
0 24
0 25
0 26
163 163
3 212
179 232
21
25 5 27 7
143 15 147 19
154 36 155 37
37 37 39 39
14 39 18 43
47 48 50 50
158 79 160 84
60 81 63 86
1 116 4 117
42 123 45 128
133 127 134 129
19 131 23 136
64 139 69 144
25 147 28 151
128 153 129 155
79 178 80 180
95 179 98 184
26 180 28 185
50 197 52 201
171 213 174 218
66 216 70 220

30
0 0
0 1
0 2
0 3
0 4
0 5
0 6
0 8
0 9
0 10
0 11
0 12
0 13
0 14
0 15
0 16
0 17
0 18
0 19
0 20
0 21
0 22
0 24
0 25
0 26
0 27
1 50
170 108
15 160
190 241
17
128 17 133 21
157 28 158 32
75 43 78 44
26 47 27 50
108 82 109 86
137 92 141 97
152 143 156 146
11 164 14 169
95 172 100 177
23 176 24 181
34 181 38 185
155 183 156 185
154 197 155 198
86 218 91 220
76 224 79 228
133 230 134 234
49 237 51 240

30
0 0
0 1
0 2
0 3
0 4
0 5
0 6
0 7
0 8
0 9
0 10
0 11
0 12
0 13
0 14
0 15
0 16
0 17
0 18
0 19
0 20
0 21
0 23
8 23
0 24
0 25
0 26
0 91
98 117
132 213
13
71 12 72 16
14 14 16 17
124 24 126 29
130 80 131 81
63 91 68 96
62 98 63 103
58 118 61 121
43 130 48 134
37 141 40 145
46 171 48 175
31 186 32 188
93 205 95 206
124 208 126 211

30
0 0
0 1
0 2
0 3
0 4
0 5
0 6
0 8
0 9
0 10
0 11
0 12
0 13
0 14
0 15
0 16
0 17
0 19
0 20
0 21
0 22
0 23
0 24
0 25
0 26
0 27
30 29
230 133
115 192
3 232
20
213 5 216 8
47 13 48 14
21 16 25 18
221 24 226 28
220 66 225 68
185 78 190 81
32 88 33 89
1 95 2 96
48 116 52 117
197 127 202 130
162 131 166 132
41 132 42 134
219 136 221 137
211 139 214 143
49 154 50 155
186 172 188 177
125 173 127 174
36 174 40 176
230 211 230 215
97 221 102 224

30
0 0
0 1
0 2
0 3
0 4
0 5
0 6
0 8
0 9
0 10
0 11
0 12
0 13
0 14
0 15
0 16
0 17
9 17
0 19
0 20
0 21
0 22
0 23
0 24
0 25
0 26
0 27
40 69
53 232
64 245
9
26 5 29 7
6 7 7 9
10 15 14 18
46 71 50 74
25 87 29 88
1 89 6 91
20 149 23 154
55 211 60 216
53 245 57 245

30
0 0
0 2
0 3
0 4
0 5
0 6
0 7
0 8
0 9
0 10
0 11
0 12
0 13
0 14
0 15
0 16
0 17
0 18
0 19
0 20
0 21
0 22
0 23
0 24
0 25
0 26
211 71
5 124
246 147
3 247
21
173 4 177 9
212 28 213 29
206 35 208 38
236 45 238 46
35 47 36 52
77 47 78 50
163 87 165 88
37 94 39 95
3 102 7 107
123 106 124 111
237 106 238 107
187 113 190 115
224 115 226 119
47 136 52 140
237 158 239 159
189 170 193 173
124 183 126 188
130 193 131 194
233 202 237 207
65 212 68 214
241 237 243 239

30
0 0
0 1
0 2
0 3
0 4
0 5
0 6
0 8
0 9
0 10
0 11
0 12
192 12
0 13
0 14
0 15
0 16
0 17
0 18
0 19
0 20
0 21
0 22
0 24
0 25
0 26
0 27
76 44
1 83
139 211
13
64 1 69 6
119 2 124 5
82 9 85 12
85 23 89 24
50 24 55 25
126 32 131 33
162 37 166 42
99 61 101 65
118 100 122 103
151 124 155 126
46 136 50 140
46 146 48 148
31 151 36 154

30
0 0
0 1
0 2
0 3
0 4
0 5
0 6
0 7
0 8
0 9
0 10
0 11
0 12
0 13
0 14
0 15
0 16
0 17
0 18
0 19
0 20
0 21
0 23
0 24
0 25
0 26
161 69
23 77
0 124
181 244
14
99 1 101 4
29 9 34 14
171 20 173 23
37 51 39 52
115 86 116 88
146 86 147 88
150 92 152 96
110 133 114 134
93 144 94 148
22 147 24 149
85 190 88 192
142 191 144 192
168 218 170 219
165 232 168 234

30
0 0
0 1
0 2
0 3
0 4
0 5
0 6
0 8
0 9
0 10
0 11
0 12
0 13
0 14
0 15
0 16
0 17
0 19
0 20
0 21
0 22
0 23
0 24
0 25
0 26
0 27
29 52
9 54
75 188
138 214
12
86 6 88 10
117 49 120 54
88 83 92 86
43 88 47 93
12 99 15 102
2 113 3 117
68 139 69 141
127 167 129 169
83 173 87 175
137 193 138 198
106 196 108 197
63 208 65 213

30
0 0
79 0
0 2
0 3
0 4
0 5
0 6
0 7
0 8
0 9
0 10
0 11
0 12
0 13
0 14
0 15
0 16
0 17
0 18
0 19
0 20
0 21
0 22
0 23
0 24
0 25
0 26
4 31
246 151
227 210
23
5 10 6 14
90 17 93 20
96 24 99 26
23 38 26 39
108 41 110 42
87 47 92 52
211 48 212 50
9 49 10 50
8 84 12 88
197 85 202 90
60 89 62 91
163 91 167 93
2 95 3 97
154 102 156 107
161 112 165 113
34 114 38 119
42 124 44 127
105 130 109 132
52 145 56 148
16 148 18 153
181 155 185 156
34 160 36 164
99 174 104 177

30
0 0
0 1
0 2
0 3
0 4
0 5
0 6
0 8
0 9
0 10
0 11
0 12
0 13
0 14
0 15
0 16
0 17
0 18
0 19
0 20
0 21
0 22
0 24
0 25
0 26
0 27
58 74
112 95
1 117
19 238
10
55 2 60 5
79 11 84 13
38 15 40 17
8 52 12 56
31 111 35 115
62 121 66 122
73 142 77 145
35 158 36 162
55 162 58 164
14 217 15 222

30
0 0
0 1
0 2
0 3
0 4
0 5
0 6
0 7
0 8
0 9
0 10
115 10
0 11
0 12
0 13
0 14
0 15
0 16
0 17
0 18
0 19
0 20
0 21
0 23
0 24
0 25
0 26
47 74
132 155
0 157
10
96 28 101 33
110 38 114 48
77 44 82 48
24 80 29 83
87 81 90 85
26 102 27 105
10 103 12 107
29 106 33 107
93 106 96 109
91 123 96 126

30
0 0
0 1
0 2
0 3
0 4
0 5
0 6
0 8
0 9
0 10
0 11
0 12
0 13
0 14
0 15
0 16
0 17
0 19
0 20
0 21
0 22
0 23
0 24
0 25
0 26
0 27
25 67
9 91
139 149
142 226
14
9 28 10 33
71 34 75 37
107 64 111 68
114 79 118 81
81 88 86 92
98 155 103 158
129 159 133 163
27 172 28 174
6 176 11 179
128 176 131 179
88 182 90 187
72 184 76 187
108 217 109 218
94 219 99 222

30
0 0
0 2
0 3
0 4
0 5
0 6
0 7
0 9
0 10
13 10
0 11
0 12
0 13
0 14
0 15
0 16
0 17
0 18
0 19
0 20
0 21
0 22
0 23
0 24
0 25
0 26
0 27
0 29
117 194
97 195
9
25 35 26 36
80 66 82 70
3 82 8 83
91 84 92 89
74 94 78 98
80 98 83 103
13 116 15 118
87 135 90 136
108 188 111 193

30
0 0
0 1
0 2
0 3
0 4
0 5
0 6
0 7
0 8
0 9
0 10
0 11
0 12
0 13
0 14
0 15
0 16
0 17
0 18
0 19
0 20
0 21
0 22
0 23
0 24
0 25
184 77
246 98
0 158
55 237
24
106 10 111 11
206 14 208 18
226 45 228 46
52 48 54 53
134 60 138 63
44 68 48 73
161 79 162 81
141 80 146 84
58 82 61 85
169 91 173 92
43 95 48 96
123 96 128 101
161 100 166 101
244 118 245 119
223 138 226 142
107 140 110 141
44 144 48 149
152 153 153 156
52 160 55 164
75 165 79 168
158 177 160 180
70 186 75 190
138 225 142 226
234 228 237 230

30
0 0
0 1
0 2
0 3
0 4
0 5
0 6
0 8
0 9
0 10
0 11
0 12
0 13
0 14
0 15
0 16
0 17
0 18
0 19
0 20
0 21
0 22
0 24
0 25
0 26
0 27
107 37
239 136
163 148
1 150
14
199 7 200 9
193 15 196 16
67 21 69 22
145 22 146 23
102 26 103 27
189 27 190 32
128 32 129 34
189 58 191 60
16 60 21 62
44 95 46 98
222 100 225 101
37 123 42 128
163 123 165 125
3 138 7 139

30
0 0
0 1
0 2
0 3
0 4
0 5
0 6
0 7
0 8
0 9
0 10
0 11
0 12
0 13
0 14
0 15
0 16
0 17
0 18
0 19
0 20
0 21
0 23
0 24
0 25
0 26
158 84
88 178
0 190
171 217
18
139 6 143 7
44 29 46 32
163 67 164 70
22 75 24 79
164 78 166 82
28 83 29 85
59 101 61 104
163 101 165 105
75 110 80 113
140 120 141 123
124 126 129 128
135 128 140 133
107 155 109 160
17 167 21 168
165 167 169 171
143 170 147 171
67 200 70 203
59 214 62 217

30
0 0
0 1
0 2
0 3
0 4
0 5
0 6
0 8
0 9
0 10
0 11
0 12
0 13
0 14
0 15
0 16
0 17
0 19
0 20
0 21
0 22
0 23
0 24
0 25
0 26
0 27
198 58
9 128
86 154
27 176
17
110 8 112 12
129 27 131 30
35 47 40 49
36 53 40 56
164 54 166 57
30 58 35 63
69 80 73 82
171 89 176 92
49 97 54 100
34 111 35 112
34 124 39 125
182 124 184 127
120 140 122 142
44 148 47 152
198 163 198 168
85 166 90 170
176 174 179 175

30
0 0
0 2
0 3
0 4
0 5
0 6
0 7
0 9
0 10
0 11
0 12
0 13
0 14
0 15
0 16
0 17
0 18
0 19
0 20
0 21
0 22
0 23
0 24
0 25
0 26
0 27
207 37
0 62
43 155
18 169
22
38 0 40 2
181 5 184 6
127 6 132 7
99 8 101 12
149 8 151 10
58 14 62 19
151 46 154 51
57 48 58 49
27 58 30 63
183 60 185 63
173 61 177 63
183 67 184 72
103 69 105 71
135 72 140 75
138 82 141 87
20 86 24 87
23 94 24 98
160 117 164 120
120 130 123 134
179 130 182 135
5 150 9 151
150 159 153 161

30
0 0
0 1
0 2
0 3
0 4
0 5
0 6
0 8
0 9
0 10
0 11
0 12
0 13
0 14
0 15
0 16
0 17
0 18
0 19
0 20
0 21
0 22
0 24
0 25
0 26
0 27
73 82
184 178
1 184
48 189
15
65 2 68 4
87 5 88 6
58 30 63 31
15 34 18 38
56 95 58 98
68 104 70 106
154 119 159 122
180 119 182 123
4 148 9 153
88 157 89 158
41 172 42 176
124 179 129 184
35 182 36 183
68 187 69 189
31 188 35 189

30
5 0
0 2
0 3
0 4
0 5
0 6
0 7
0 8
0 9
0 10
0 11
0 12
0 13
0 14
0 15
0 16
0 17
0 18
0 19
0 20
0 21
0 22
0 23
0 25
0 26
0 27
0 28
100 60
101 139
0 226
8
1 6 2 9
59 24 62 29
67 48 70 52
28 105 33 106
91 180 93 182
35 181 38 182
100 190 101 195
3 194 7 198

30
0 0
0 1
0 2
0 3
0 4
0 5
0 6
0 8
0 9
0 10
0 11
0 12
0 13
0 14
0 15
0 16
0 17
0 19
0 20
0 21
0 22
0 23
0 24
0 25
0 26
0 27
197 152
9 165
202 184
36 238
16
71 5 72 9
137 8 138 10
34 44 35 48
29 61 31 65
4 64 9 69
178 83 181 84
143 89 146 94
183 103 186 105
119 119 124 120
44 136 48 137
62 143 63 146
44 183 45 185
48 184 49 185
192 192 195 194
7 206 8 210
2 223 7 225

30
0 0
0 2
0 3
0 4
0 5
0 6
0 7
0 9
0 10
0 11
0 12
0 13
0 14
0 15
0 16
0 17
0 18
0 19
0 20
30 20
0 21
0 22
0 23
0 24
0 25
0 26
0 27
0 95
30 127
105 179
3
41 80 43 83
19 105 21 107
35 172 39 174

30
0 0
0 1
0 2
90 2
0 3
0 4
0 5
0 6
0 8
0 9
0 10
0 11
0 12
0 13
0 14
0 15
0 16
0 17
0 18
0 19
0 20
0 21
0 22
0 24
0 25
0 26
0 27
95 100
17 183
1 218
8
53 20 54 24
88 44 90 47
2 64 6 65
79 80 81 83
90 81 92 85
79 92 84 94
41 102 45 106
34 177 36 178

30
0 0
0 1
0 2
0 3
0 4
0 5
0 6
0 7
1 7
0 8
0 9
0 10
0 11
0 12
0 13
0 14
0 15
0 16
0 17
0 18
0 19
0 20
0 21
0 23
0 24
0 25
0 26
78 56
52 105
42 139
2
75 101 78 102
23 105 28 106

30
0 0
87 0
0 1
0 2
0 3
0 4
0 6
0 7
0 8
0 9
0 10
0 11
0 12
0 13
0 14
0 15
0 16
0 17
0 19
0 20
0 21
0 22
0 23
0 24
216 24
0 25
0 26
0 27
196 38
0 84
12
74 3 76 8
211 13 215 18
180 15 185 18
201 28 204 30
97 29 98 31
205 39 210 41
157 40 160 45
90 52 93 57
122 77 125 78
148 78 151 83
142 79 143 80
40 84 43 84

30
0 0
0 1
0 2
0 3
0 4
0 6
0 7
0 8
0 9
0 10
0 11
0 12
0 13
0 14
0 15
0 16
0 17
0 18
0 19
0 20
0 21
60 21
0 22
0 23
0 24
0 25
0 26
0 44
233 239
126 246
27
111 3 113 8
224 12 225 15
185 18 186 21
51 26 52 31
60 32 63 35
74 42 79 46
207 42 209 45
132 49 137 53
209 56 212 61
189 57 191 58
158 61 159 64
92 72 95 77
155 74 156 79
213 76 216 77
39 85 42 88
95 90 96 91
89 102 94 104
132 109 136 112
49 112 54 115
19 131 21 133
164 133 167 137
214 163 216 165
29 184 34 188
109 192 114 197
168 195 170 199
63 211 67 216
112 244 116 245

30
0 0
0 2
0 3
0 4
0 5
0 6
0 7
0 9
0 10
0 11
0 12
0 13
0 14
0 15
0 16
0 17
0 18
0 19
0 20
0 21
0 22
0 23
0 24
0 25
0 26
0 27
70 30
132 41
49 83
0 128
3
131 42 132 45
109 72 111 75
59 92 60 95

30
0 0
0 1
2 1
0 2
0 3
0 4
0 5
0 6
0 8
0 9
0 10
0 11
0 12
0 13
0 14
0 15
0 16
0 17
0 18
0 19
0 20
0 21
0 22
0 24
0 25
0 26
0 27
215 57
156 238
202 243
21
66 18 68 23
184 20 187 25
204 23 208 25
52 25 55 28
91 30 92 33
16 61 21 64
181 74 186 75
6 79 12 84
138 85 139 86
88 97 89 100
204 102 208 104
186 122 191 125
204 149 207 150
62 153 64 158
159 153 164 157
73 181 74 184
32 183 34 188
20 185 24 190
118 198 123 201
20 200 21 204
189 219 193 220

30
0 0
0 1
0 2
0 3
0 4
0 5
0 6
0 7
0 8
0 9
0 10
0 11
0 12
0 13
0 14
0 15
0 16
0 17
0 18
0 19
0 20
0 21
0 23
0 24
0 25
0 26
1 40
117 76
155 142
235 156
14
44 4 46 9
192 5 197 10
69 30 71 33
204 48 209 53
78 66 81 68
112 66 113 70
108 72 113 73
39 73 41 78
39 96 42 97
165 96 167 101
214 100 217 102
100 122 105 127
201 145 203 146
187 152 191 153

30
86 0
0 1
0 2
0 3
0 4
0 5
0 7
0 8
0 9
0 10
0 11
0 12
0 13
0 14
0 15
0 16
0 17
0 18
0 19
0 20
0 21
0 22
0 23
0 24
0 25
0 26
0 27
73 48
0 78
77 208
8
29 25 30 26
80 73 82 78
58 104 61 107
33 110 36 115
13 172 15 173
48 189 50 191
5 190 8 195
27 195 32 197

30
0 0
0 2
0 3
0 4
0 5
0 6
0 7
0 9
0 10
0 11
0 12
0 13
0 14
0 15
0 16
0 17
0 18
0 19
0 20
0 21
0 22
0 23
0 24
0 25
0 26
0 27
82 90
220 119
235 141
0 161
16
172 4 174 8
197 10 199 15
51 20 56 24
147 28 149 32
143 29 144 30
134 45 135 49
14 49 15 54
112 61 115 65
188 86 193 87
12 90 16 93
147 91 148 94
233 102 235 104
94 103 99 107
90 108 93 113
232 123 235 127
65 158 70 161

30
0 0
0 1
0 2
0 3
0 4
0 5
0 6
0 8
0 9
0 10
0 11
0 12
0 13
0 14
0 15
0 16
0 17
0 18
0 19
0 20
0 21
0 22
0 24
0 25
0 26
0 27
98 29
164 33
2 35
127 83
7
98 22 99 26
71 44 72 45
90 51 92 55
118 57 122 60
121 66 122 70
53 75 54 80
153 75 154 78

30
0 0
0 1
0 2
0 3
0 4
0 5
0 6
0 7
0 8
0 9
0 10
0 11
0 12
0 13
0 14
0 15
0 16
0 17
0 18
0 19
0 20
0 21
0 23
0 24
0 25
0 26
32 72
1 74
39 184
104 246
11
97 13 99 16
31 34 34 35
49 73 51 75
56 92 61 94
24 120 29 121
101 142 104 146
80 147 81 148
14 149 17 150
33 163 36 167
49 170 51 171
1 191 3 193

30
0 0
0 1
0 2
0 3
0 4
0 6
0 7
0 8
0 9
0 10
0 11
0 12
0 13
0 14
0 15
0 16
0 17
0 18
0 19
0 20
0 21
0 22
0 23
0 24
0 25
0 26
0 110
188 190
99 191
194 229
18
69 7 70 8
52 15 55 16
24 33 28 38
60 74 64 75
153 85 155 87
144 89 147 91
156 91 157 95
133 109 138 110
169 116 174 117
180 134 184 135
184 142 186 145
38 150 43 152
145 178 146 181
23 180 25 183
45 191 46 194
104 208 108 211
73 217 76 220
79 228 83 229

30
0 0
0 2
0 3
0 4
0 5
0 6
0 7
0 9
0 10
0 11
0 12
0 13
0 14
0 15
0 16
0 17
0 18
0 19
0 20
0 21
0 22
0 23
0 24
0 25
0 26
0 27
169 32
242 52
237 171
0 194
19
115 0 120 4
121 10 124 11
2 15 5 18
138 35 141 39
46 36 51 39
26 41 30 42
172 63 176 68
128 75 129 76
6 79 10 84
124 96 128 100
139 113 143 114
141 133 145 135
214 138 216 139
96 141 101 146
146 143 150 148
192 143 193 145
11 147 15 151
122 154 125 155
114 169 116 170

30
0 0
0 1
0 2
0 3
0 4
0 5
0 6
0 7
0 8
0 9
0 10
0 11
0 12
0 13
0 14
0 15
0 16
0 17
0 18
0 19
0 20
0 21
185 21
0 22
0 23
0 24
0 25
31 45
2 153
220 162
12
57 15 62 20
210 41 212 44
212 48 215 50
109 60 112 62
119 61 120 65
147 76 152 79
127 84 132 87
18 85 22 86
130 100 133 102
217 126 220 127
6 133 7 137
157 153 162 155

