30
0 0
0 1
0 2
0 3
0 4
0 6
0 7
0 8
0 9
0 10
0 11
0 12
0 13
0 14
0 15
0 16
0 17
0 18
0 19
0 20
0 21
0 22
0 24
0 25
0 26
0 27
242 63
2 153
169 161
138 238
28
126 10 130 14
134 10 139 12
206 28 208 30
124 40 129 44
140 43 143 48
160 46 164 48
20 56 21 61
109 57 111 58
56 61 60 65
140 68 143 71
22 72 26 73
119 84 124 86
197 96 198 99
126 99 128 104
7 105 10 108
43 148 46 149
135 160 138 165
202 164 205 169
2 171 4 176
94 178 99 183
28 185 31 187
182 192 185 197
157 193 158 194
226 197 231 198
59 208 61 210
193 217 197 221
232 217 237 221
141 232 142 234

30
0 0
0 1
0 2
0 3
0 4
0 5
0 6
0 8
0 9
0 10
0 11
0 12
0 13
0 14
0 15
0 16
0 17
0 19
0 20
0 21
0 22
0 23
0 24
0 25
0 26
0 27
228 96
176 114
214 214
6 221
22
21 0 23 4
191 13 195 15
57 26 62 29
54 40 59 45
228 41 228 45
180 44 183 49
68 50 73 55
115 51 117 56
12 56 13 59
108 79 113 84
38 89 39 94
209 91 214 94
142 102 147 104
87 111 92 112
112 122 113 124
138 149 141 154
102 156 103 159
218 161 223 162
39 164 42 167
132 177 136 181
34 178 37 182
178 185 179 187

30
0 0
0 2
0 3
0 4
0 5
0 6
0 7
0 8
0 9
0 10
0 11
0 12
0 13
0 14
0 15
0 16
0 17
0 18
0 19
0 20
0 21
0 22
0 23
0 24
0 25
0 26
22 65
69 117
123 184
1 234
9
66 11 71 12
123 16 123 17
101 45 103 46
65 63 66 64
26 67 30 68
71 142 75 146
120 157 123 159
55 166 60 167
25 179 29 180

30
0 0
0 1
0 2
0 3
0 4
0 5
0 6
0 8
0 9
0 10
0 11
0 12
0 13
0 14
0 15
0 16
0 17
0 18
0 19
0 20
0 21
0 22
0 23
0 24
0 25
0 26
13 66
1 78
192 143
221 198
13
97 7 99 10
90 60 94 63
80 74 82 79
138 78 141 81
184 113 186 116
137 119 140 123
14 120 17 124
111 144 112 146
86 161 88 163
41 166 44 171
181 166 183 168
73 176 76 179
91 196 94 198

30
0 0
0 1
0 2
0 3
0 4
0 5
0 6
0 7
0 8
0 9
0 10
0 11
0 12
0 13
0 14
0 15
0 16
0 17
0 18
0 19
0 20
0 21
0 22
0 23
0 24
0 25
110 46
100 73
0 118
207 177
13
111 16 115 17
74 36 78 38
126 47 129 50
82 52 83 53
54 68 58 69
55 108 59 109
47 113 49 115
187 119 188 122
54 125 56 128
58 133 60 138
112 134 115 135
201 158 203 161
84 171 87 173

30
0 0
0 1
0 2
0 3
0 4
0 5
0 6
7 7
0 8
0 9
0 10
0 11
0 12
0 13
0 14
0 15
0 16
0 17
0 19
0 20
0 21
0 22
0 23
0 24
0 25
0 26
0 27
229 33
181 58
128 171
17
226 3 228 4
81 23 84 25
125 50 126 51
25 57 27 59
132 60 136 64
196 72 201 76
105 77 108 80
118 78 121 79
188 81 194 86
9 87 14 89
72 89 73 90
32 92 37 93
213 114 214 118
169 125 171 126
189 133 192 137
55 145 60 146
125 157 127 160

30
0 0
0 2
0 3
0 4
0 5
0 6
0 7
0 8
0 9
0 10
0 11
0 12
0 13
0 14
0 15
0 16
0 17
0 18
2 18
0 19
0 20
0 21
0 22
0 23
0 24
0 25
0 26
20 77
31 117
3 148
2
27 10 30 11
23 40 26 42

30
0 0
0 1
0 2
0 3
0 4
0 5
0 6
0 8
0 9
0 10
0 11
0 12
0 13
0 14
0 15
0 16
0 17
193 17
0 18
0 19
0 20
0 21
0 22
0 23
0 24
0 25
0 26
79 110
1 111
107 179
16
8 10 13 14
190 29 193 33
180 60 181 63
131 81 134 83
94 92 96 94
100 100 101 105
88 108 93 109
73 118 76 121
16 121 21 124
147 122 148 124
112 123 113 128
40 125 41 129
4 134 6 135
36 142 37 144
100 155 101 156
33 174 37 175

30
0 0
0 1
0 2
0 3
0 4
0 5
0 6
0 7
0 8
0 9
0 10
0 11
0 12
0 13
0 14
0 15
0 16
0 17
0 18
0 19
0 20
0 21
0 22
0 23
0 24
0 25
193 72
229 139
0 151
193 187
12
41 4 46 8
134 5 137 6
72 6 76 8
103 7 107 10
195 51 200 53
156 59 158 63
123 63 127 65
89 78 92 83
137 78 142 80
149 83 153 85
86 86 91 90
217 111 222 113

30
0 0
0 1
0 2
0 3
0 4
0 5
0 6
0 8
0 9
0 10
0 11
0 12
0 13
0 14
0 15
0 16
162 16
0 17
0 19
0 20
0 21
0 22
0 23
0 24
0 25
0 26
0 27
7 43
149 96
118 217
11
105 14 106 15
155 35 160 40
118 46 119 51
89 53 93 57
42 107 45 112
93 115 94 116
52 144 55 147
130 176 132 178
97 184 98 188
50 204 51 207
23 207 24 212

